date,USDJPY,AUDUSD,GBPCHF,EURCHF,AUDCHF,EURGBP,GBPJPY,EURAUD,AUDJPY,NZDJPY,NZDCAD,empty,sum
2016.08.29,131.9999999999908,-26.000000000003798,38.99999999998904,45.99999999999049,-21.999999999999797,41.9999999999976,175.99999999998772,-163.00000000000205,123.99999999999523,105.99999999999454,69.00000000000794,,522.9999999999477
2016.08.29,146.99999999999136,-48.000000000003595,15.00000000000945,14.000000000002899,-12.000000000000899,46.00000000000159,276.9999999999868,-175.99999999999838,171.00000000000648,131.9999999999908,106.00000000000608,,671.9999999999925
2016.08.29,182.99999999999272,16.0000000000049,-76.0000000000094,93.00000000000975,-4.999999999999449,44.99999999999504,108.99999999998045,-231.99999999998778,129.0000000000049,54.99999999999261,250.00000000000577,,566.9999999999894
2016.08.29,138.9999999999958,-44.99999999999504,-107.99999999999699,103.00000000000864,-40.00000000000669,34.000000000000696,64.99999999999773,-325.99999999998187,161.00000000000136,77.99999999998875,250.00000000000577,,311.0000000000182
2016.08.29,126.99999999999534,-54.999999999993946,-117.99999999999588,106.00000000000608,-74.00000000000739,27.999999999994696,-25.000000000005684,-404.9999999999887,156.99999999999648,18.999999999991246,291.0000000000079,,51.00000000000017
2016.08.29,156.99999999999648,-175.00000000000293,-15.00000000000945,89.00000000000574,-186.00000000000838,85.00000000000173,131.00000000000023,-617.0000000000009,302.99999999999727,137.99999999999102,220.00000000000907,,129.99999999997985
2016.08.29,50.99999999998772,-258.0000000000027,18.0000000000069,79.00000000000685,-254.00000000000978,102.99999999999754,63.99999999999295,-731.9999999999993,308.9999999999975,118.99999999999977,157.00000000000713,,-344.00000000001535
2016.08.29,135.99999999999568,-161.99999999999548,107.99999999999699,25.00000000000835,-200.00000000000017,121.99999999999989,192.99999999998363,-546.000000000002,275.0000000000057,122.99999999999045,170.00000000000347,,243.99999999998641
2016.08.29,117.999999999995,-166.99999999999494,15.999999999993797,85.00000000000173,-182.00000000000438,102.99999999999754,111.99999999999477,-596.9999999999809,266.9999999999959,48.00000000000182,248.00000000000378,,51.00000000000412
2016.08.29,-28.000000000005798,-241.99999999999778,49.99999999999449,72.99999999998974,-233.00000000000543,121.99999999999989,0.9999999999763531,-682.9999999999892,230.00000000000398,30.9999999999917,182.99999999999983,,-496.00000000004223
2016.08.29,-32.00000000001069,-175.99999999999838,12.999999999996348,93.99999999999409,-192.00000000000327,112.99999999999643,-86.00000000001273,-624.9999999999867,162.00000000000614,0.999999999990564,147.00000000000824,,-581.00000000002
2016.08.29,-57.00000000000216,-141.99999999999767,92.00000000000318,83.9999999999952,-180.0000000000024,154.99999999999403,-79.00000000000773,-588.9999999999951,108.00000000000409,-43.00000000000637,203.00000000000873,,-448.00000000000614
2016.08.29,-21.000000000000796,-80.00000000000229,52.000000000007596,66.00000000001049,-143.9999999999997,119.00000000000244,-114.00000000000432,-495.000000000001,75.00000000000284,-115.99999999999966,274.00000000000756,,-383.99999999997686
2016.08.29,-81.00000000000307,-95.00000000000064,79.99999999999119,42.999999999993044,-164.00000000000858,114.00000000000298,-179.00000000000205,-504.9999999999999,43.00000000000637,-138.00000000000523,242.00000000000887,,-640.000000000017
2016.08.29,-174.0000000000066,-112.000000000001,95.00000000000064,69.00000000000794,-174.00000000000747,148.0000000000037,-269.00000000000546,-550.9999999999903,-9.000000000000341,-184.0000000000117,221.00000000000452,,-940.0000000000061
2016.08.29,-181.0000000000116,-75.9999999999983,104.99999999999955,69.00000000000794,-145.00000000000622,149.99999999999457,-280.00000000000114,-487.99999999999955,-54.99999999999261,-260.0000000000051,313.00000000000773,,-848.0000000000048
2016.08.29,-164.00000000000148,-60.99999999999994,119.00000000000244,63.99999999999739,-160.00000000000458,163.00000000000205,-288.0000000000109,-522.9999999999845,-54.99999999999261,-326.9999999999982,392.00000000000347,,-839.999999999987
2016.08.29,-222.0000000000084,-60.00000000000449,153.00000000000313,28.000000000005798,-181.00000000000892,156.99999999999602,-373.0000000000189,-517.9999999999962,-100.99999999999909,-359.99999999999943,382.00000000000455,,-1095.000000000026
2016.08.29,-290.00000000000625,-112.000000000001,293.99999999999426,9.999999999998899,-185.00000000000182,237.99999999999378,-227.00000000000387,-499.9999999999893,-96.00000000000364,-319.0000000000026,345.0000000000064,,-842.0000000000152
2016.08.29,-273.00000000001035,-80.99999999999774,218.00000000000708,43.999999999999595,-125.00000000000844,212.00000000000108,-232.00000000002774,-424.99999999998647,-114.99999999999488,-293.00000000000637,312.00000000000114,,-758.000000000023
2016.08.29,-236.0000000000042,-151.00000000000114,192.99999999999872,-8.000000000008,-145.00000000000622,153.00000000000313,-127.00000000000955,-396.9999999999807,-16.000000000005343,-237.99999999999955,337.0000000000095,,-635.0000000000034
2016.08.29,-227.00000000000387,-151.00000000000114,350.00000000000585,-123.99999999999079,-209.00000000000364,166.99999999999494,-65.00000000002615,-364.9999999999931,-9.000000000000341,-212.0000000000033,312.00000000000114,,-533.0000000000205
2016.08.29,-145.00000000001023,-70.0000000000034,337.99999999999386,-55.000000000005045,-109.00000000000354,214.99999999999852,68.9999999999884,-262.999999999991,-30.000000000001137,-266.00000000000534,389.000000000006,,72.99999999996709
2016.08.29,-121.00000000000932,-24.999999999997247,258.0000000000027,-76.99999999999375,-84.0000000000063,141.99999999999767,-19.000000000005457,-176.99999999998272,-58.9999999999975,-288.0000000000109,416.00000000000523,,-33.99999999999761
2016.08.29,-108.00000000000409,-31.000000000003247,299.99999999998914,-93.00000000000975,-120.00000000000898,163.00000000000205,-11.000000000024102,-229.99999999999687,-42.00000000000159,-219.0000000000083,346.0000000000019,,-45.000000000063835
2016.08.29,-54.000000000002046,24.999999999997247,239.99999999999577,-65.99999999998829,-13.00000000000745,141.99999999999767,87.99999999999386,-54.99999999998284,-58.9999999999975,-228.00000000000864,445.0000000000065,,465.00000000000426
2016.08.29,-68.00000000001205,-10.999999999994348,293.99999999999426,-32.0000000000098,-34.000000000000696,205.99999999999508,155.9999999999775,-134.99999999999625,-34.000000000006025,-193.00000000001205,397.0000000000029,,545.9999999999386
2016.08.29,-107.00000000001353,4.999999999999449,323.0000000000066,-55.000000000005045,-4.000000000004,205.99999999999508,160.99999999997294,-52.99999999999194,-78.99999999999352,-248.00000000000466,410.00000000001035,,558.9999999999717
2016.08.29,-118.99999999999977,-53.999999999998494,307.99999999999716,-35.999999999991594,-21.00000000000435,205.99999999999508,203.9999999999793,-102.99999999998644,-27.000000000001023,-185.00000000000227,343.00000000000443,,515.999999999992
2016.08.29,-198.0000000000075,-93.99999999999409,401.00000000000693,-42.999999999993044,-15.00000000000945,263.0000000000021,275.99999999998204,-85.00000000000173,-45.000000000001705,-192.00000000000728,329.00000000000153,,596.999999999978
2016.08.29,-177.0000000000067,-41.000000000002146,333.0000000000055,-21.00000000000435,44.99999999999504,226.99999999999943,256.9999999999766,33.00000000001635,-81.99999999999363,-236.0000000000042,351.0000000000013,,688.9999999999832
2016.08.29,-194.00000000000261,-92.99999999999864,337.0000000000095,-38.0000000000047,8.999999999992347,224.9999999999974,257.99999999998136,-46.999999999997044,-43.00000000000637,-181.0000000000116,398.00000000000944,,630.9999999999691
2016.08.29,-200.00000000000284,-90.99999999999665,347.0000000000084,-49.00000000001015,13.999999999991797,224.000000000002,266.9999999999959,-17.000000000000348,-51.00000000000193,-166.00000000001103,418.0000000000073,,695.9999999999825
2016.08.29,-171.00000000000648,70.0000000000034,174.00000000000747,31.000000000003247,173.9999999999964,176.99999999999383,133.99999999998613,187.00000000000384,-191.99999999999307,-239.00000000000432,501.000000000007,,845.9999999999975
2016.08.29,-153.0000000000058,56.0000000000005,212.99999999999653,31.000000000003247,207.99999999999707,192.99999999999872,278.99999999999636,265.0000000000041,-165.99999999999682,-245.00000000000455,578.0000000000007,,1258.9999999999902
2016.08.29,-66.0000000000025,78.99999999999574,297.9999999999983,-35.999999999991594,183.99999999999528,198.99999999999363,392.99999999997226,297.9999999999983,-121.99999999999989,-219.0000000000083,600.0000000000006,,1607.9999999999518
2016.08.29,-81.00000000000307,129.00000000000134,272.00000000000557,-43.999999999999595,200.00000000000017,180.0000000000024,289.99999999999204,343.00000000000443,-185.99999999999284,-301.00000000000193,642.0000000000092,,1444.0000000000177
2016.08.29,-60.000000000002274,163.00000000000205,324.9999999999975,-45.000000000006146,157.99999999999147,214.99999999999852,240.99999999998545,259.0000000000092,-203.99999999999352,-316.0000000000025,622.0000000000003,,1357.99999999998
2016.08.29,-97.00000000000841,119.00000000000244,343.00000000000443,-45.99999999999049,140.99999999999113,224.9999999999974,258.99999999998613,229.00000000001253,-185.99999999999284,-292.0000000000016,597.0000000000031,,1292.0000000000039
2016.08.29,-81.00000000000307,107.00000000000153,292.9999999999877,-11.999999999989797,159.9999999999935,217.99999999999596,276.9999999999868,223.00000000001762,-164.00000000000148,-279.0000000000106,638.0000000000052,,1379.9999999999836
2016.08.29,40.99999999999682,185.00000000000182,358.9999999999982,-62.99999999999084,135.99999999999167,221.99999999999997,327.99999999997453,243.00000000001543,-150.00000000000568,-261.0000000000099,633.0000000000058,,1672.9999999999782
2016.08.29,104.99999999998977,192.99999999999872,245.0000000000063,-69.9999999999923,112.99999999999643,144.99999999999514,234.99999999998522,199.00000000001583,-109.99999999999943,-286.00000000000136,657.0000000000076,,1426.0000000000023
2016.08.29,141.9999999999959,206.00000000000617,106.99999999999044,-4.000000000004,165.9999999999995,97.9999999999981,214.999999999975,222.00000000001108,-94.99999999999886,-274.0000000000009,705.0000000000001,,1487.9999999999723
2016.08.29,105.99999999999454,187.9999999999993,72.99999999998974,35.999999999991594,193.99999999999417,107.99999999999699,215.99999999997976,226.99999999999943,-103.9999999999992,-257.000000000005,693.0000000000102,,1479.9999999999516
2016.08.29,101.99999999998965,178.00000000000037,106.00000000000608,21.00000000000435,178.99999999999582,119.00000000000244,231.99999999999932,215.00000000000963,-99.00000000000375,-257.000000000005,692.0000000000038,,1488.0000000000023
2016.08.29,170.99999999999227,167.00000000000603,127.99999999999478,41.000000000002146,175.99999999999838,148.0000000000037,356.9999999999993,182.0000000000155,-34.99999999999659,-193.00000000001205,694.0000000000057,,1836.000000000009
2016.08.29,198.99999999999807,128.00000000000588,140.0000000000068,35.00000000000725,136.99999999999824,153.99999999999858,409.9999999999966,113.00000000000753,24.00000000000091,-172.00000000001125,683.0000000000002,,1851.0000000000089
2016.08.29,161.99999999999193,112.99999999999643,156.00000000000057,43.999999999999595,117.00000000000044,160.00000000000458,354.99999999998977,57.00000000001815,12.000000000000455,-146.0000000000008,531.0000000000036,,1561.0000000000045
2016.08.30,150.99999999999625,156.99999999999602,195.9999999999962,-2.999999999997449,136.99999999999824,132.99999999999423,336.9999999999891,196.0000000000184,-40.00000000000625,-169.00000000001114,575.0000000000033,,1669.9999999999773
2016.08.30,185.99999999999284,172.00000000000549,139.00000000000023,26.999999999999247,164.99999999999292,124.99999999999733,366.9999999999902,224.000000000002,-30.000000000001137,-162.00000000000614,581.0000000000093,,1793.9999999999823
2016.08.30,135.99999999999568,148.0000000000037,123.99999999999079,15.999999999993797,141.99999999999767,121.99999999999989,284.9999999999966,160.00000000000458,-36.000000000001364,-178.00000000001148,596.0000000000076,,1514.9999999999775
2016.08.30,70.99999999999795,165.9999999999995,143.99999999998857,15.999999999993797,159.9999999999935,139.00000000000023,219.99999999999886,187.00000000000384,-108.00000000000409,-268.0000000000007,654.0000000000101,,1380.9999999999814
2016.08.30,121.99999999999989,156.00000000000057,171.99999999999437,41.000000000002146,173.00000000000094,175.00000000000293,355.99999999999454,177.00000000000495,-60.99999999999284,-212.0000000000033,632.0000000000103,,1731.000000000015
2016.08.30,240.99999999999966,177.00000000000495,177.00000000000495,25.00000000000835,151.9999999999966,163.99999999999747,446.9999999999743,158.0000000000137,12.000000000000455,-144.00000000000546,634.0000000000013,,2042.9999999999964
2016.08.30,194.99999999999318,146.99999999999713,87.99999999999919,25.999999999992696,164.99999999999292,107.99999999999699,367.999999999995,186.0000000000195,6.000000000000227,-196.00000000001216,650.0000000000061,,1742.9999999999811
2016.08.30,148.9999999999867,102.00000000000209,83.9999999999952,35.00000000000725,126.99999999999933,110.99999999999443,300.9999999999877,90.00000000001229,13.999999999995794,-182.00000000000216,611.000000000006,,1441.9999999999845
2016.08.30,-2.0000000000095497,70.99999999999883,62.99999999999084,18.0000000000069,161.99999999999548,82.99999999999974,212.99999999999386,229.00000000001253,-63.99999999999295,-265.00000000000057,657.0000000000076,,1165.0000000000027
2016.08.30,-131.00000000000023,45.000000000006146,160.99999999998892,42.0000000000087,179.99999999999127,161.99999999999548,216.99999999998454,192.99999999999872,-138.9999999999958,-228.9999999999992,529.0000000000017,,1029.9999999999802
2016.08.30,-65.00000000001194,114.99999999999844,58.000000000002494,161.00000000001114,302.9999999999977,193.99999999999417,300.9999999999877,272.00000000000557,-159.00000000000603,-218.00000000000352,548.0000000000041,,1509.99999999998
2016.08.30,-81.00000000000307,78.00000000000028,59.000000000009045,113.00000000000753,259.9999999999936,156.99999999999602,270.9999999999866,250.00000000001688,-131.00000000000023,-192.00000000000728,495.000000000001,,1279.0000000000005
2016.08.30,-60.000000000002274,136.99999999999824,11.00000000000545,124.99999999999733,305.99999999999517,136.99999999999824,223.99999999998954,331.0000000000146,-179.9999999999926,-243.0000000000092,557.0000000000075,,1345.0000000000018
2016.08.30,-17.000000000010118,145.00000000000622,51.000000000001044,133.00000000000534,315.9999999999941,173.00000000000094,325.9999999999934,331.999999999999,-153.0000000000058,-237.99999999999955,609.000000000004,,1676.9999999999886
2016.08.30,-19.000000000005457,139.99999999999568,0.0,154.0000000000097,310.9999999999946,151.00000000000114,268.99999999997704,297.9999999999983,-150.00000000000568,-255.00000000000966,596.0000000000076,,1494.9999999999632
2016.08.30,-62.00000000001182,134.99999999999625,18.999999999991246,143.00000000000423,319.99999999999807,153.00000000000313,256.0000000000002,330.0000000000081,-177.99999999999727,-285.0000000000108,608.0000000000085,,1438.99999999999
2016.08.30,-44.00000000001114,145.00000000000622,49.99999999999449,117.99999999999588,312.9999999999966,156.00000000000057,282.99999999998704,351.0000000000124,-173.99999999999238,-304.00000000000205,667.0000000000065,,1560.999999999994
2016.08.30,-65.00000000001194,143.9999999999997,107.99999999999699,114.99999999999844,339.99999999999585,187.9999999999993,366.9999999999902,406.00000000001745,-186.9999999999976,-313.0000000000024,679.0000000000074,,1781.9999999999936
2016.08.30,-211.00000000001273,-19.999999999997797,154.0000000000097,112.000000000001,176.99999999999383,217.0000000000005,220.99999999997522,92.00000000000318,-129.0000000000049,-278.0000000000058,561.0000000000003,,895.9999999999626
2016.08.30,-190.00000000001194,-2.999999999997449,384.9999999999909,-4.999999999988347,59.99999999999339,280.9999999999979,242.999999999995,14.000000000002899,-132.99999999999557,-305.0000000000068,608.0000000000085,,954.9999999999886
2016.08.30,-322.00000000000273,-110.99999999999443,302.0000000000023,-38.0000000000047,14.999999999998348,202.9999999999976,94.99999999999886,-34.99999999998504,-120.99999999999511,-297.00000000001125,524.0000000000023,,215.00000000000614
2016.08.30,-299.0000000000066,-71.99999999999429,245.99999999999068,-26.999999999999247,13.999999999991797,171.99999999999437,-3.0000000000143245,-47.99999999998139,-143.00000000000068,-326.9999999999982,515.0000000000099,,27.999999999991985
2016.08.30,-308.00000000000693,-117.00000000000044,187.00000000000384,17.000000000000348,5.999999999994898,168.99999999999693,-10.000000000019327,-129.99999999998568,-102.00000000000387,-302.0000000000067,565.9999999999999,,-24.000000000027057
2016.08.30,-210.00000000000796,-73.99999999999629,279.99999999999136,21.00000000000435,47.9999999999925,237.99999999999378,217.9999999999893,-49.99999999999449,-75.9999999999934,-267.0000000000101,597.0000000000031,,724.999999999972
2016.08.30,-226.0000000000133,-70.0000000000034,163.00000000000205,22.999999999995246,52.99999999999194,156.99999999999602,76.99999999999818,-37.99999999998249,-90.00000000000341,-293.00000000000637,532.0000000000102,,287.9999999999847
2016.08.30,-233.0000000000041,-66.99999999999484,255.99999999998957,-34.000000000000696,4.999999999999449,176.99999999999383,66.99999999997885,-59.99999999999339,-100.99999999999909,-286.00000000000136,572.0000000000058,,295.999999999974
2016.08.30,-269.00000000000546,-63.00000000000195,150.00000000000568,-9.999999999998899,54.999999999993946,126.0000000000039,-9.000000000014552,7.0000000000014495,-132.000000000005,-298.0000000000018,537.0000000000097,,93.99999999998698
2016.08.30,-250.0,-63.00000000000195,103.00000000000864,34.000000000000696,80.99999999999774,127.99999999999478,14.999999999986358,-4.999999999988347,-117.999999999995,-323.99999999999807,598.0000000000097,,199.00000000001455
2016.08.30,-207.00000000000784,-41.000000000002146,-18.999999999991246,7.0000000000014495,93.99999999999409,29.999999999996696,-73.0000000000075,60.000000000015596,-108.00000000000409,-319.0000000000026,588.0000000000107,,12.00000000000307
2016.08.30,-257.000000000005,-65.99999999999939,-141.99999999999767,62.99999999999084,114.99999999999844,-14.000000000002899,-184.00000000002592,32.0000000000098,-118.99999999999977,-321.00000000001216,576.0000000000099,,-317.0000000000339
2016.08.30,-287.00000000000614,-90.99999999999665,-235.99999999999176,97.9999999999981,96.99999999999153,-48.99999999999905,-308.00000000002115,-51.000000000001044,-115.99999999999966,-318.00000000001205,556.0000000000009,,-705.0000000000368
2016.08.30,-449.0000000000123,-207.00000000000162,-242.00000000000887,78.00000000000028,24.999999999997247,-67.00000000000594,-448.0000000000075,-173.99999999998528,-118.99999999999977,-364.0000000000043,550.000000000006,,-1417.0000000000218
2016.08.30,-547.0000000000113,-232.99999999999432,-385.99999999999744,131.99999999999878,40.99999999999105,-122.99999999999534,-655.0000000000011,-215.99999999999397,-165.99999999999682,-380.00000000000966,568.0000000000018,,-1965.0000000000082
2016.08.30,-645.0000000000102,-275.000000000003,-404.0000000000044,80.99999999999774,17.999999999995797,-182.99999999999983,-755.0000000000239,-125.99999999998168,-197.9999999999933,-506.0000000000002,553.0000000000035,,-2440.000000000019
2016.08.30,-649.0000000000009,-329.999999999997,-293.99999999999426,28.000000000005798,-64.0000000000085,-139.00000000000023,-709.0000000000032,-279.99999999999136,-144.00000000000546,-493.9999999999998,636.0000000000032,,-2438.9999999999914
2016.08.30,-711.0000000000127,-465.0000000000043,-234.00000000000088,56.99999999999594,-180.0000000000024,-75.9999999999983,-695.0000000000216,-556.0000000000009,-51.9999999999925,-448.0000000000075,654.0000000000101,,-2706.0000000000355
2016.08.30,-847.0000000000084,-451.0000000000014,-252.99999999999213,75.00000000000284,-129.00000000000134,-77.00000000000485,-823.0000000000075,-476.9999999999941,-168.00000000000637,-535.0000000000108,614.0000000000034,,-3071.000000000021
2016.08.30,-850.0000000000085,-431.99999999999903,-164.99999999999292,107.99999999999699,-123.00000000000644,7.0000000000014495,-764.00000000001,-507.9999999999973,-189.99999999999773,-571.0000000000122,625.0000000000089,,-2863.0000000000164
2016.08.30,-987.000000000009,-434.9999999999965,-266.999999999995,171.00000000001003,-57.00000000000705,-12.000000000000899,-922.0000000000255,-462.9999999999912,-290.9999999999968,-677.0000000000067,640.0000000000073,,-3300.0000000000114
2016.08.30,-950.0000000000028,-432.9999999999945,-292.00000000000335,205.00000000001074,-59.000000000009045,-2.000000000002,-905.0000000000011,-510.99999999999477,-266.00000000000534,-642.0000000000101,570.0000000000039,,-3285.000000000009
2016.08.30,-992.0000000000044,-480.0000000000027,-336.00000000000296,197.00000000000273,-72.0000000000054,-36.999999999998145,-944.0000000000168,-525.999999999982,-246.9999999999999,-617.0000000000044,538.0000000000051,,-3516.0000000000095
2016.08.30,-1007.000000000005,-534.0000000000011,-340.9999999999913,140.0000000000068,-99.00000000000463,-84.0000000000063,-923.0000000000018,-503.99999999999335,-203.99999999999352,-573.0000000000075,503.000000000009,,-3625.999999999989
2016.08.30,-1029.0000000000105,-524.9999999999977,-334.9999999999964,171.00000000001003,-75.00000000000284,-56.99999999999594,-920.0000000000159,-495.99999999998533,-228.9999999999992,-564.0000000000072,533.0000000000057,,-3525.9999999999955
2016.08.30,-902.000000000001,-480.0000000000027,-368.9999999999971,177.00000000000495,-58.000000000002494,-75.00000000000284,-835.000000000008,-468.9999999999861,-179.00000000000205,-602.0000000000039,669.0000000000085,,-3122.9999999999923
2016.08.30,-969.0000000000083,-529.9999999999972,-334.9999999999964,214.00000000000307,-77.00000000000485,-19.999999999997797,-832.000000000022,-566.9999999999842,-177.99999999999727,-576.9999999999982,642.0000000000092,,-3228.9999999999936
2016.08.30,-948.0000000000075,-495.000000000001,-336.00000000000296,208.00000000000819,-63.00000000000195,-28.000000000005798,-844.0000000000225,-520.9999999999936,-198.99999999999807,-588.9999999999986,701.0000000000072,,-3114.000000000017
2016.08.30,-975.0000000000085,-485.99999999999756,-302.0000000000023,198.99999999999363,-63.00000000000195,-16.0000000000049,-866.0000000000139,-505.99999999998425,-230.99999999999454,-638.0000000000052,716.0000000000056,,-3168.0000000000136
2016.08.30,-889.00000000001,-490.999999999997,-350.9999999999902,214.00000000000307,-55.000000000005045,-38.0000000000047,-779.0000000000248,-499.9999999999893,-161.00000000000136,-567.0000000000073,726.0000000000044,,-2891.0000000000223
2016.08.31,-910.0000000000108,-480.99999999999807,-320.00000000000915,180.0000000000024,-68.00000000000139,-48.000000000003595,-801.0000000000161,-471.9999999999835,-182.00000000000216,-567.0000000000073,693.0000000000102,,-2976.000000000019
2016.08.31,-901.0000000000105,-456.9999999999963,-304.9999999999997,191.00000000000784,-45.000000000006146,-28.000000000005798,-785.000000000025,-451.0000000000014,-203.99999999999352,-618.0000000000092,776.00000000001,,-2827.0000000000296
2016.08.31,-871.9999999999999,-448.9999999999994,-293.99999999999426,192.99999999999872,-32.0000000000098,-16.0000000000049,-735.0000000000136,-441.99999999998687,-189.99999999999773,-614.0000000000043,798.0000000000098,,-2653.0000000000027
2016.08.31,-874.0000000000094,-422.00000000000017,-295.0000000000008,207.00000000000162,-33.000000000005244,-6.0000000000060005,-781.0000000000059,-456.9999999999963,-216.99999999999875,-646.0000000000008,804.0000000000047,,-2720.0000000000173
2016.08.31,-844.0000000000083,-415.99999999999415,-316.0000000000052,228.00000000000597,-14.000000000002899,2.999999999997449,-740.0000000000091,-451.0000000000014,-203.00000000000296,-636.0000000000099,831.000000000004,,-2558.000000000027
2016.08.31,-812.0000000000118,-343.9999999999999,-357.99999999999164,207.00000000000162,34.99999999999615,-43.999999999999595,-782.0000000000107,-324.9999999999975,-251.99999999999534,-750.0,967.0000000000067,,-2458.0000000000023
2016.08.31,-881.0000000000002,-375.9999999999986,-313.99999999999204,198.00000000000927,20.999999999993246,-21.999999999999797,-793.0000000000064,-340.9999999999913,-269.999999999996,-785.0000000000108,1001.0000000000074,,-2561.9999999999854
2016.08.31,-1043.0000000000064,-431.99999999999903,-208.99999999999253,182.99999999999983,-8.000000000008,26.999999999999247,-858.0000000000041,-368.9999999999971,-335.9999999999985,-874.0000000000094,1056.0000000000014,,-2863.000000000015
2016.08.31,-920.0000000000017,-385.99999999999744,-282.0000000000045,182.99999999999983,1.999999999990898,-14.999999999998348,-832.000000000022,-348.9999999999993,-290.9999999999968,-783.0000000000013,971.0000000000107,,-2702.00000000002
2016.08.31,-937.0000000000118,-322.9999999999955,-287.9999999999994,211.00000000000563,49.99999999999449,5.999999999994898,-885.0000000000193,-300.99999999999574,-367.999999999995,-897.0000000000056,1080.0000000000032,,-2652.000000000024
2016.08.31,-890.0000000000006,-295.0000000000008,-429.99999999999704,218.99999999999142,65.99999999999939,-82.99999999999974,-985.0000000000136,-278.00000000000045,-361.99999999999477,-844.0000000000083,1022.0000000000007,,-2860.0000000000236
2016.08.31,-833.0000000000126,-278.00000000000045,-476.0000000000098,222.99999999999542,44.99999999999504,-111.00000000000554,-1033.0000000000155,-319.999999999987,-337.99999999999386,-823.0000000000075,1027.0000000000002,,-2917.000000000042
2016.08.31,-918.0000000000064,-327.99999999999494,-503.99999999999335,222.99999999999542,10.999999999994348,-131.99999999999878,-1150.0000000000057,-390.0000000000015,-349.00000000000375,-871.0000000000093,1045.000000000007,,-3363.0000000000164
2016.08.31,-952.0000000000124,-363.0000000000022,-466.00000000001086,231.0000000000034,2.999999999997449,-100.99999999999554,-1104.0000000000134,-420.9999999999825,-338.99999999999864,-865.0000000000091,1003.0000000000094,,-3374.000000000014
2016.08.31,-937.0000000000118,-361.0000000000002,-463.9999999999977,248.00000000000378,0.0,-82.99999999999974,-1088.0000000000223,-447.99999999998175,-328.00000000000296,-898.0000000000103,1043.000000000005,,-3316.0000000000177
2016.08.31,-918.0000000000064,-299.00000000000483,-428.9999999999905,200.00000000000017,29.999999999996696,-97.9999999999981,-1087.0000000000175,-319.999999999987,-379.99999999999545,-934.0000000000117,1079.0000000000077,,-3156.000000000007
2016.08.31,-981.0000000000088,-341.0000000000024,-398.00000000000944,208.00000000000819,25.999999999992696,-68.99999999999685,-1064.0000000000214,-346.0000000000019,-379.0000000000049,-936.000000000007,1064.0000000000093,,-3216.0000000000427
2016.08.31,-1032.0000000000107,-419.9999999999982,-407.0000000000018,222.99999999999542,-13.00000000000745,-67.00000000000594,-1071.0000000000264,-442.9999999999934,-338.99999999999864,-922.0000000000113,1017.0000000000013,,-3474.000000000057
2016.08.31,-1098.0000000000132,-461.99999999999574,-479.0000000000072,228.99999999999034,-48.99999999999905,-109.99999999999899,-1228.0000000000086,-525.999999999982,-346.00000000000364,-929.000000000002,987.0000000000045,,-4011.0000000000155
2016.08.31,-1201.0000000000077,-561.0000000000003,-391.000000000008,104.99999999999955,-160.00000000000458,-143.9999999999997,-1293.0000000000064,-573.9999999999857,-322.00000000000273,-923.0000000000018,911.0000000000063,,-4553.000000000011
2016.08.31,-1167.0000000000016,-471.99999999999466,-536.0000000000032,185.99999999999727,-43.00000000000415,-178.00000000000037,-1349.000000000018,-452.99999999999227,-387.00000000000045,-1085.9999999999986,1159.00000000001,,-4326.000000000006
2016.08.31,-1196.0000000000123,-470.00000000000375,-584.9999999999911,187.00000000000384,13.999999999991797,-212.99999999999653,-1338.0000000000223,-339.99999999998477,-409.9999999999966,-1022.0000000000056,1095.0000000000016,,-4278.0000000000155
2016.08.31,-1142.00000000001,-321.0000000000046,-940.9999999999918,200.00000000000017,84.99999999999064,-433.0000000000056,-1780.0000000000011,-215.99999999999397,-525.0000000000057,-1087.0000000000032,1134.0000000000016,,-5026.000000000024
2016.08.31,-1088.0000000000082,-363.0000000000022,-940.0000000000075,153.00000000000313,36.999999999998145,-468.00000000000176,-1721.0000000000036,-237.99999999998266,-441.0000000000025,-1059.0000000000118,1158.0000000000034,,-4970.0000000000155
2016.08.31,-1036.0000000000014,-354.9999999999942,-804.0000000000047,150.99999999999002,2.999999999997449,-378.999999999996,-1581.0000000000173,-315.99999999998295,-409.9999999999966,-1033.0000000000014,1114.0000000000039,,-4646.000000000004
2016.08.31,-1078.000000000003,-402.9999999999978,-800.0000000000007,215.00000000000963,2.999999999997449,-329.00000000000153,-1549.0000000000066,-401.99999999999125,-393.0000000000007,-1032.0000000000107,1124.0000000000027,,-4644.000000000003
2016.08.31,-1112.000000000009,-453.0000000000034,-879.0000000000075,256.00000000001177,-25.00000000000835,-344.99999999999534,-1637.0000000000005,-512.9999999999857,-367.00000000000443,-1004.0000000000049,1119.0000000000034,,-4960.000000000004
2016.08.31,-1160.000000000011,-437.999999999994,-956.0000000000013,229.99999999999687,15.999999999993797,-414.00000000000324,-1731.000000000023,-392.9999999999989,-418.99999999999693,-1066.0000000000025,1161.000000000001,,-5170.00000000004
2016.08.31,-1179.000000000002,-383.99999999999545,-883.0000000000116,131.99999999999878,29.999999999996696,-444.9999999999954,-1754.000000000019,-236.99999999999832,-489.0000000000043,-1094.9999999999989,1147.000000000009,,-5157.000000000021
2016.08.31,-1201.0000000000077,-395.0000000000009,-929.000000000002,178.99999999999582,66.99999999999484,-443.99999999999994,-1739.0000000000043,-222.99999999999542,-490.99999999999966,-1128.0,1170.0000000000043,,-5134.0000000000155
2016.08.31,-1328.000000000003,-488.999999999995,-795.9999999999967,201.99999999999108,27.999999999994696,-339.99999999999585,-1673.0000000000018,-332.9999999999833,-492.00000000000443,-1124.0000000000095,1160.0000000000055,,-5185.0
2016.08.31,-1389.00000000001,-571.9999999999948,-679.0000000000074,211.99999999998997,-72.0000000000054,-255.00000000000523,-1660.000000000025,-540.9999999999915,-450.00000000000284,-1078.000000000003,1129.0000000000023,,-5355.000000000053
2016.08.31,-1345.0000000000132,-554.9999999999944,-517.0000000000119,178.99999999999582,-62.000000000006494,-170.00000000000347,-1441.0000000000025,-483.99999999999557,-432.9999999999927,-1099.0000000000036,1184.0000000000073,,-4743.000000000021
2016.08.31,-1272.0000000000055,-473.0000000000012,-360.0000000000048,102.00000000000209,-119.00000000000244,-129.00000000000134,-1433.0000000000211,-490.999999999997,-463.99999999999864,-1142.00000000001,1253.000000000004,,-4528.000000000036
2016.08.31,-1313.0000000000023,-502.9999999999979,-642.0000000000092,93.00000000000975,-130.0000000000079,-321.0000000000046,-1757.000000000005,-505.99999999998425,-465.0000000000034,-1183.0000000000068,1310.0,,-5417.000000000013
2016.08.31,-1412.0000000000061,-424.9999999999976,-391.9999999999924,22.0000000000109,-71.00000000000995,-214.00000000000307,-1651.0000000000105,-285.99999999998624,-618.9999999999998,-1328.000000000003,1397.0000000000039,,-4978.9999999999945
2016.08.31,-1376.0000000000048,-409.99999999999926,-639.0000000000118,164.99999999999292,-45.000000000006146,-261.0000000000001,-1840.0000000000034,-426.9999999999996,-608.0000000000041,-1312.0000000000118,1449.0000000000002,,-5304.000000000048
2016.08.31,-1312.0000000000118,-395.0000000000009,-717.000000000012,164.00000000000858,-15.00000000000945,-314.0000000000032,-1816.0000000000025,-366.999999999984,-575.9999999999934,-1263.0000000000052,1423.0000000000075,,-5188.000000000006
2016.08.31,-1227.0000000000039,-378.00000000000057,-716.0000000000056,214.00000000000307,-85.00000000000173,-273.9999999999965,-1862.0000000000232,-575.9999999999987,-530.0000000000011,-1228.0000000000086,1442.00000000001,,-5220.000000000026
2016.08.31,-1208.0000000000127,-366.9999999999951,-774.000000000008,219.99999999999798,-31.000000000003247,-307.99999999999716,-1817.0000000000073,-474.999999999981,-527.000000000001,-1213.9999999999986,1474.0000000000086,,-5026.999999999996
2016.08.31,-1276.0000000000105,-395.0000000000009,-672.9999999999902,188.9999999999947,-76.0000000000094,-267.00000000000614,-1832.000000000022,-522.0000000000002,-548.0000000000018,-1280.0000000000011,1501.000000000008,,-5179.000000000039
2016.08.31,-1331.0000000000032,-436.00000000000307,-733.0000000000059,222.99999999999542,-53.00000000000304,-277.000000000005,-1856.000000000023,-524.9999999999977,-548.9999999999924,-1302.0000000000068,1462.0000000000077,,-5377.000000000038
2016.08.31,-1358.000000000004,-417.0000000000007,-740.9999999999917,252.99999999999213,-36.0000000000027,-261.0000000000001,-1901.0000000000105,-529.999999999986,-588.9999999999986,-1288.000000000011,1373.000000000002,,-5495.000000000011
2016.08.31,-1354.0000000000134,-439.99999999999596,-720.9999999999939,304.9999999999997,-45.000000000006146,-207.99999999999707,-1852.0000000000039,-630.9999999999816,-558.9999999999975,-1296.0000000000064,1391.0000000000089,,-5409.999999999987
2016.08.31,-1365.000000000009,-415.99999999999415,-805.9999999999956,322.00000000000006,12.000000000000899,-251.99999999999667,-1892.0000000000243,-523.9999999999911,-594.9999999999989,-1320.0000000000073,1407.0000000000027,,-5429.000000000014
2016.08.31,-1380.0000000000095,-422.9999999999956,-814.0000000000036,295.0000000000008,-12.000000000000899,-280.00000000000244,-1949.0000000000123,-534.9999999999966,-596.9999999999942,-1309.0000000000118,1369.000000000009,,-5635.000000000017
2016.08.31,-1357.0000000000136,-429.0000000000016,-885.0000000000025,334.9999999999964,1.999999999990898,-290.9999999999968,-1959.0000000000032,-563.9999999999867,-575.9999999999934,-1230.000000000004,1276.0000000000105,,-5678.000000000004
2016.08.31,-1344.0000000000082,-402.00000000000233,-919.0000000000032,350.00000000000585,31.999999999998696,-302.9999999999977,-1963.0000000000223,-495.99999999998533,-593.9999999999941,-1219.9999999999989,1185.0000000000027,,-5674.0000000000055
2016.09.01,-1342.000000000013,-378.999999999996,-897.9999999999987,327.99999999999494,46.999999999997044,-312.00000000000114,-1968.0000000000177,-458.9999999999872,-617.0000000000044,-1195.0000000000073,1128.0000000000068,,-5667.000000000027
2016.09.01,-1277.000000000001,-439.0000000000005,-885.0000000000025,323.0000000000066,-16.0000000000049,-311.00000000000574,-1901.0000000000105,-584.9999999999911,-507.99999999999557,-1134.0000000000005,1169.0000000000089,,-5563.999999999996
2016.09.01,-1268.0000000000007,-405.9999999999952,-930.0000000000086,337.0000000000095,21.999999999999797,-324.9999999999975,-1899.000000000001,-516.9999999999897,-531.9999999999965,-1079.9999999999982,1116.000000000006,,-5481.999999999973
2016.09.01,-1250.0,-370.9999999999991,-957.9999999999922,367.0000000000062,48.99999999999905,-317.0000000000006,-1919.0000000000111,-512.9999999999857,-557.9999999999927,-1148.0000000000105,1207.0000000000025,,-5410.999999999983
2016.09.01,-1214.0000000000127,-373.00000000000114,-927.0000000000111,357.99999999999164,28.999999999990145,-302.9999999999977,-1865.000000000009,-536.9999999999875,-522.9999999999961,-1044.0000000000111,1106.000000000007,,-5293.000000000037
2016.09.01,-1241.0000000000139,-390.99999999999693,-856.9999999999967,337.0000000000095,31.999999999998696,-273.9999999999965,-1785.000000000025,-502.00000000000244,-527.000000000001,-1082.0000000000077,1165.000000000005,,-5125.000000000027
2016.09.01,-1159.000000000006,-336.9999999999984,-893.0000000000105,331.999999999999,59.99999999999339,-302.0000000000023,-1756.0000000000002,-445.99999999999085,-519.999999999996,-1099.0000000000036,1244.0000000000007,,-4876.000000000015
2016.09.01,-1126.0000000000048,-326.9999999999995,-814.0000000000036,300.99999999999574,78.99999999999574,-277.000000000005,-1605.0000000000182,-335.9999999999808,-495.9999999999951,-1028.000000000006,1233.0000000000064,,-4396.0000000000155
2016.09.01,-1056.0000000000116,-256.0000000000007,-815.0000000000101,316.0000000000052,137.9999999999937,-267.00000000000614,-1545.000000000016,-221.99999999998886,-519.999999999996,-1012.0000000000005,1236.0000000000039,,-4003.0000000000273
2016.09.01,-1068.000000000012,-163.00000000000205,-851.0000000000017,347.0000000000084,229.99999999999687,-261.99999999999557,-1603.0000000000086,-121.99999999999989,-632.000000000005,-1137.0000000000005,1313.0000000000086,,-3948.0000000000114
2016.09.01,-1110.0000000000136,-195.00000000000074,-912.0000000000017,306.00000000000625,179.99999999999127,-334.00000000000097,-1760.0000000000193,-171.99999999999437,-631.0000000000002,-1133.0000000000098,1262.0000000000075,,-4499.0000000000355
2016.09.01,-1171.0000000000064,-227.99999999999488,-951.9999999999973,283.000000000011,164.99999999999292,-373.99999999999653,-1841.0000000000082,-165.9999999999995,-641.0000000000053,-1117.0000000000045,1212.000000000002,,-4830.000000000007
2016.09.01,-1172.0000000000114,-212.99999999999653,-944.9999999999958,296.9999999999917,178.00000000000037,-361.0000000000002,-1844.0000000000225,-159.99999999998238,-659.000000000006,-1082.0000000000077,1192.000000000004,,-4769.000000000027
2016.09.01,-1184.0000000000118,-202.9999999999976,-933.9999999999905,295.0000000000008,195.00000000000074,-355.0000000000053,-1832.000000000022,-124.99999999999733,-676.9999999999925,-1112.000000000009,1197.0000000000036,,-4735.000000000021
2016.09.01,-1204.0000000000077,-195.9999999999962,-984.000000000007,299.00000000000483,220.99999999999343,-385.99999999999744,-1875.0,-76.99999999999375,-700.0000000000028,-1147.0000000000055,1220.00000000001,,-4829.000000000002
2016.09.01,-1188.0000000000023,-175.99999999999838,-984.000000000007,296.0000000000074,239.0000000000003,-387.99999999999943,-1864.0000000000043,-37.99999999998249,-709.0000000000032,-1164.0000000000014,1231.0000000000043,,-4744.999999999986
2016.09.01,-1181.0000000000116,-171.99999999999437,-953.0000000000039,269.9999999999925,252.99999999999213,-385.99999999999744,-1799.0000000000066,24.000000000001798,-707.9999999999984,-1181.0000000000116,1280.0000000000034,,-4553.000000000034
2016.09.01,-1225.0000000000086,-212.99999999999653,-940.9999999999918,276.00000000000955,197.99999999999818,-375.9999999999986,-1870.0000000000045,-89.99999999999008,-697.0000000000027,-1184.0000000000118,1261.000000000001,,-4860.999999999996
2016.09.01,-1265.0000000000005,-209.9999999999991,-998.00000000001,276.9999999999939,230.99999999999233,-412.9999999999967,-1925.0000000000114,-24.000000000001798,-731.9999999999993,-1278.000000000006,1360.0000000000057,,-4977.000000000033
2016.09.01,-1194.0000000000027,-134.99999999999625,-943.000000000005,245.99999999999068,261.0000000000001,-400.00000000000034,-1858.000000000004,78.00000000000028,-756.0000000000002,-1332.9999999999984,1446.0000000000027,,-4588.000000000013
2016.09.01,-1341.0000000000082,-246.00000000000176,-1187.0000000000048,392.9999999999989,354.9999999999942,-450.00000000000597,-1945.0000000000216,60.99999999999994,-753.0000000000001,-1335.000000000008,1424.000000000003,,-5024.000000000055
2016.09.01,-1496.0000000000093,-332.99999999999443,-1448.0000000000048,594.0000000000057,440.9999999999914,-463.9999999999977,-2097.000000000008,-36.999999999998145,-777.000000000001,-1388.0000000000052,1434.000000000002,,-5571.00000000002
2016.09.01,-1513.0000000000052,-283.99999999999534,-1394.0000000000064,497.99999999999847,395.0000000000009,-533.0000000000057,-2240.000000000009,6.000000000017103,-841.9999999999987,-1466.9999999999986,1508.0000000000093,,-5865.999999999993
2016.09.01,-1417.0000000000016,-195.00000000000074,-2357.9999999999936,540.9999999999915,405.9999999999952,-1095.999999999997,-3265.0000000000146,-35.999999999991594,-861.0000000000042,-1509.0000000000005,1536.000000000004,,-8254.000000000013
2016.09.01,-1485.0000000000136,-261.0000000000001,-2296.9999999999936,419.9999999999982,348.9999999999993,-1144.0000000000007,-3275.0000000000055,17.000000000000348,-843.9999999999941,-1493.9999999999998,1529.0000000000025,,-8485.00000000001
2016.09.01,-1500.0,-265.0000000000041,-2065.000000000006,279.99999999999136,209.9999999999991,-1102.9999999999984,-3296.000000000021,-71.99999999998319,-849.9999999999943,-1509.0000000000005,1522.0000000000011,,-8648.000000000015
2016.09.01,-1573.0000000000075,-212.99999999999653,-1981.0000000000105,313.00000000000773,241.99999999999778,-1019.0000000000032,-3336.0000000000127,-53.999999999998494,-960.9999999999985,-1537.0000000000061,1499.000000000006,,-8620.000000000022
2016.09.01,-1598.0000000000132,-170.99999999999892,-2055.000000000007,361.9999999999957,300.0000000000003,-1031.9999999999995,-3422.0000000000255,-7.0000000000014495,-1022.0000000000056,-1579.9999999999982,1503.0000000000098,,-8722.000000000045
2016.09.01,-1592.000000000013,-161.00000000000003,-1936.0000000000043,306.00000000000625,256.99999999999613,-999.0000000000055,-3384.0000000000146,-11.999999999989797,-1027.000000000001,-1573.0000000000075,1502.0000000000034,,-8619.00000000003
2016.09.01,-1554.000000000002,-243.00000000000432,-2076.0000000000114,370.00000000000364,249.99999999999466,-1041.9999999999984,-3355.000000000018,-115.99999999998278,-917.0000000000016,-1493.000000000009,1504.0000000000052,,-8672.000000000024
2016.09.01,-1703.000000000003,-326.9999999999995,-2286.0000000000105,401.99999999999125,207.99999999999707,-1183.9999999999961,-3670.000000000016,-131.99999999999878,-935.0000000000023,-1513.0000000000052,1445.0000000000073,,-9695.000000000035
2016.09.01,-1799.0000000000066,-414.9999999999987,-2261.000000000002,370.00000000000364,135.99999999999167,-1158.0000000000034,-3766.0000000000196,-344.99999999999534,-920.0000000000017,-1501.0000000000048,1358.0000000000036,,-10301.000000000033
2016.09.01,-1857.0000000000136,-441.0000000000025,-2400.0000000000023,343.00000000000443,114.99999999999844,-1271.9999999999955,-3980.000000000018,-344.99999999999534,-933.9999999999975,-1427.0000000000068,1240.0000000000077,,-10958.000000000022
2016.09.01,-1891.0000000000055,-456.9999999999963,-2357.000000000009,333.9999999999899,90.99999999999665,-1266.0000000000005,-3996.000000000009,-319.999999999987,-935.9999999999928,-1443.000000000012,1235.0000000000084,,-11006.000000000018
2016.09.01,-1195.0000000000073,-170.99999999999892,-2157.000000000009,384.00000000000654,96.99999999999153,-1082.0000000000052,-3371.000000000009,-441.0000000000025,-716.9999999999987,-1446.0000000000123,1620.0000000000102,,-8479.000000000035
2016.09.01,-1172.0000000000114,-117.99999999999588,-2032.999999999996,303.0000000000088,44.99999999999504,-1065.0000000000048,-3402.0000000000155,-430.9999999999814,-754.0000000000049,-1469.9999999999989,1583.0000000000011,,-8514.000000000004
2016.09.01,-1141.0000000000055,-92.99999999999864,-1916.999999999991,246.99999999999721,29.999999999996696,-1034.0000000000016,-3318.000000000012,-387.99999999998835,-759.0000000000003,-1453.000000000003,1597.0000000000039,,-8229.000000000004
2016.09.01,-1155.0000000000011,-173.00000000000094,-1618.0000000000084,197.00000000000273,-93.00000000000975,-878.000000000001,-3101.0000000000273,-566.9999999999842,-685.9999999999928,-1407.0000000000107,1635.0000000000086,,-7846.000000000024
2016.09.01,-1241.0000000000139,-129.00000000000134,-1631.0000000000048,191.99999999999218,-52.000000000007596,-890.9999999999974,-3232.0000000000277,-479.99999999999153,-796.999999999997,-1525.0000000000057,1641.0000000000036,,-8145.000000000051
2016.09.01,-1211.0000000000127,-36.0000000000027,-1656.9999999999973,236.99999999999832,41.9999999999976,-870.9999999999995,-3213.0000000000223,-352.9999999999811,-870.9999999999951,-1504.000000000005,1709.000000000005,,-7728.000000000015
2016.09.01,-1252.0000000000095,-56.0000000000005,-1662.9999999999923,256.00000000001177,41.9999999999976,-860.0000000000052,-3240.000000000009,-380.00000000000256,-879.9999999999955,-1500.0,1605.000000000001,,-7928.000000000005
2016.09.01,-1294.0000000000111,-83.9999999999952,-1739.0000000000016,337.99999999999386,92.99999999999864,-848.0000000000043,-3234.000000000009,-383.0,-884.0000000000003,-1451.0000000000077,1529.0000000000025,,-7957.000000000034
2016.09.01,-1220.0000000000132,-10.999999999994348,-1716.0000000000064,339.0000000000004,106.99999999999044,-831.9999999999994,-3215.0000000000036,-359.99999999998255,-903.9999999999964,-1490.000000000009,1652.000000000009,,-7650.0000000000055
2016.09.01,-1243.000000000009,-24.999999999997247,-1705.000000000001,327.00000000001063,106.99999999999044,-836.9999999999989,-3208.000000000027,-341.99999999999784,-906.9999999999965,-1493.9999999999998,1591.000000000009,,-7736.000000000018
2016.09.01,-1230.000000000004,-60.99999999999994,-1645.0000000000075,289.0000000000059,51.000000000001044,-826.0000000000045,-3165.0000000000205,-401.99999999999125,-858.9999999999947,-1436.000000000007,1522.0000000000011,,-7762.000000000021
2016.09.01,-1143.0000000000007,-34.000000000000696,-1601.9999999999923,287.9999999999994,60.99999999999994,-795.9999999999967,-3035.000000000025,-381.99999999999346,-820.999999999998,-1423.0000000000018,1507.0000000000027,,-7380.000000000008
2016.09.01,-1129.000000000005,-63.99999999999739,-1668.0000000000027,320.9999999999935,60.99999999999994,-812.999999999997,-3034.00000000002,-426.9999999999996,-781.0000000000059,-1435.0000000000023,1585.0000000000032,,-7384.000000000033
2016.09.01,-1149.000000000001,-70.0000000000034,-1703.9999999999943,326.0000000000041,83.9999999999952,-839.9999999999964,-3063.0000000000164,-381.99999999999346,-796.0000000000065,-1396.000000000001,1620.0000000000102,,-7370.000000000005
2016.09.02,-1189.0000000000073,-71.99999999999429,-1747.999999999994,316.0000000000052,54.999999999993946,-885.0000000000025,-3178.0000000000255,-401.99999999999125,-819.9999999999932,-1457.9999999999984,1580.0000000000036,,-7801.000000000004
2016.09.02,-1153.000000000006,-68.99999999999685,-1733.9999999999911,292.00000000000335,62.99999999999084,-885.999999999998,-3129.000000000019,-376.9999999999829,-793.9999999999969,-1561.000000000007,1722.0000000000014,,-7626.000000000002
2016.09.02,-1178.0000000000114,-38.0000000000047,-1777.9999999999907,317.0000000000117,101.99999999999099,-890.0000000000019,-3192.0000000000073,-329.00000000000153,-846.0000000000036,-1532.0000000000107,1648.000000000005,,-7716.000000000024
2016.09.02,-1117.0000000000045,-46.999999999997044,-1716.0000000000064,297.9999999999983,95.00000000000064,-868.000000000002,-3034.00000000002,-329.99999999998585,-790.0000000000063,-1422.0000000000114,1628.0000000000073,,-7303.000000000027
2016.09.02,-1172.0000000000114,-88.99999999999464,-1722.0000000000014,296.9999999999917,54.999999999993946,-870.9999999999995,-3110.0000000000136,-402.9999999999978,-784.000000000006,-1463.0000000000082,1611.0000000000068,,-7651.00000000004
2016.09.02,-1179.000000000002,-75.9999999999983,-1734.9999999999977,322.00000000000006,53.999999999998494,-861.9999999999961,-3167.000000000002,-438.9999999999894,-807.0000000000022,-1524.000000000001,1667.0000000000073,,-7745.999999999982
2016.09.02,-1134.0000000000005,-85.99999999999719,-1770.000000000005,330.9999999999924,39.999999999995595,-873.0000000000016,-3147.00000000002,-486.999999999993,-762.0000000000005,-1487.000000000009,1671.0000000000002,,-7704.000000000038
2016.09.02,-1176.0000000000018,-99.00000000000463,-1724.9999999999989,344.99999999999534,29.999999999996696,-834.9999999999968,-3145.00000000001,-522.0000000000002,-778.9999999999964,-1417.0000000000016,1574.0000000000086,,-7749.000000000009
2016.09.02,-1237.000000000009,-124.99999999999733,-1885.0000000000034,340.00000000000693,23.999999999990695,-943.000000000005,-3363.000000000028,-524.9999999999977,-798.9999999999924,-1503.0,1586.0000000000095,,-8430.000000000027
2016.09.02,-1303.0000000000114,-90.0000000000012,-1929.000000000003,343.00000000000443,71.99999999999429,-970.0000000000042,-3467.0000000000127,-435.9999999999919,-884.0000000000003,-1526.0000000000105,1550.0000000000068,,-8640.00000000003
2016.09.02,-1252.0000000000095,-102.00000000000209,-1825.00000000001,346.0000000000019,43.999999999999595,-900.0000000000008,-3321.0000000000264,-492.9999999999879,-834.9999999999937,-1539.0000000000014,1598.0000000000105,,-8279.00000000002
2016.09.02,-1238.0000000000136,-41.000000000002146,-1888.0000000000007,378.999999999996,114.99999999999844,-917.0000000000011,-3351.0000000000273,-398.9999999999938,-887.0000000000005,-1570.0000000000073,1616.0000000000064,,-8181.000000000045
2016.09.02,-1296.0000000000064,-32.999999999994145,-1818.999999999993,348.9999999999993,112.000000000001,-890.0000000000019,-3377.0000000000095,-365.99999999999966,-938.0000000000024,-1612.9999999999995,1629.0000000000027,,-8242.000000000004
2016.09.02,-1262.0000000000005,-19.999999999997797,-1824.0000000000034,358.9999999999982,114.99999999999844,-887.9999999999999,-3351.0000000000273,-371.99999999999454,-926.9999999999925,-1564.0000000000073,1602.0000000000034,,-8132.000000000024
2016.09.02,-1208.0000000000127,22.999999999995246,-1743.0000000000057,329.00000000000153,117.99999999999588,-858.0000000000032,-3262.0000000000005,-324.9999999999975,-929.000000000002,-1530.0000000000011,1572.0000000000068,,-7813.000000000022
2016.09.02,-1254.000000000005,-19.999999999997797,-1764.9999999999943,323.99999999999096,90.99999999999665,-880.000000000003,-3322.0000000000027,-360.9999999999891,-918.9999999999969,-1525.0000000000057,1578.0000000000016,,-8053.0000000000055
2016.09.02,-1280.0000000000011,4.999999999999449,-1794.0000000000066,320.9999999999935,134.99999999999625,-900.0000000000008,-3356.0000000000227,-281.99999999998226,-963.9999999999986,-1562.0000000000118,1614.0000000000043,,-8063.000000000028
2016.09.02,-1323.0000000000075,19.999999999997797,-1879.9999999999927,310.9999999999946,144.99999999999514,-960.0000000000053,-3510.000000000019,-245.99999999999068,-1012.0000000000005,-1588.9999999999986,1612.0000000000023,,-8432.000000000025
2016.09.02,-1411.0000000000014,-49.99999999999449,-1794.9999999999911,282.0000000000045,90.99999999999665,-931.0000000000041,-3508.00000000001,-310.9999999999946,-1007.000000000005,-1632.000000000005,1597.0000000000039,,-8675.000000000002
2016.09.02,-1579.0000000000077,-175.00000000000293,-1791.9999999999936,316.0000000000052,19.999999999997797,-897.9999999999987,-3631.0,-498.9999999999828,-1004.9999999999955,-1691.0000000000025,1603.00000000001,,-9330.99999999997
2016.09.02,-1505.0000000000095,-143.00000000000423,-1665.0000000000055,289.9999999999903,-23.00000000000635,-836.0000000000034,-3539.0000000000155,-553.9999999999878,-981.9999999999993,-1688.0000000000023,1691.000000000009,,-8954.000000000035
2016.09.02,-1504.000000000005,-165.00000000000404,-1797.000000000004,290.9999999999968,-16.0000000000049,-921.0000000000051,-3627.0000000000095,-539.999999999985,-957.9999999999984,-1712.0000000000032,1706.0000000000075,,-9243.000000000016
2016.09.02,-1566.0000000000025,-153.99999999999858,-1783.0000000000014,272.00000000000557,0.999999999995449,-938.0000000000055,-3617.0000000000186,-479.99999999999153,-1015.0000000000006,-1769.0000000000055,1724.0000000000034,,-9325.000000000018
2016.09.02,-1536.0000000000014,-154.99999999999403,-1737.999999999995,236.99999999999832,21.999999999999797,-929.000000000002,-3556.000000000012,-387.99999999998835,-992.0000000000044,-1736.000000000004,1707.000000000003,,-9063.999999999998
2016.09.02,-1520.0000000000102,-85.00000000000173,-1785.9999999999986,215.99999999999397,71.99999999999429,-975.9999999999991,-3618.0000000000236,-258.99999999998704,-1051.9999999999925,-1749.0000000000095,1676.000000000011,,-9081.000000000024
2016.09.02,-1498.0000000000045,-119.99999999999788,-1697.9999999999995,171.99999999999437,32.999999999994145,-948.0000000000044,-3505.0000000000236,-278.00000000000045,-1000.0,-1697.0000000000027,1653.0000000000045,,-8886.00000000004
2016.09.02,-1489.0000000000043,-131.00000000000333,-1699.0000000000061,194.0000000000053,18.999999999991246,-931.0000000000041,-3499.0000000000236,-340.9999999999913,-981.9999999999993,-1734.9999999999995,1714.9999999999998,,-8879.000000000035
2016.09.02,-1517.00000000001,-129.9999999999968,-1496.0000000000084,130.0000000000079,-35.00000000000725,-851.9999999999972,-3429.000000000002,-360.9999999999891,-1006.0000000000002,-1734.9999999999995,1686.0000000000098,,-8744.999999999995
2016.09.02,-1387.0000000000005,-24.999999999997247,-1434.000000000002,181.9999999999933,42.999999999993044,-770.9999999999994,-3231.0000000000227,-272.99999999998994,-1013.9999999999958,-1757.000000000005,1760.000000000006,,-7907.000000000022
2016.09.02,-1433.0000000000068,-2.999999999997449,-1659.0000000000105,201.99999999999108,96.99999999999153,-897.0000000000033,-3469.0000000000227,-193.99999999998306,-1070.999999999998,-1832.9999999999984,1820.0000000000105,,-8440.000000000025
2016.09.02,-1236.000000000004,68.99999999999685,-1436.9999999999993,11.999999999989797,80.99999999999774,-1007.0000000000024,-3196.0000000000264,539.0000000000006,-926.9999999999925,-1612.9999999999995,1548.000000000005,,-7167.000000000033
2016.09.02,-1375.0,246.99999999999721,-2187.0000000000055,330.9999999999924,312.9999999999966,-1139.9999999999966,-3993.0000000000236,67.00000000001705,-1284.000000000006,-2082.999999999998,1668.0000000000027,,-9436.000000000022
2016.09.02,-1509.0000000000005,299.00000000000483,-2154.999999999996,252.99999999999213,303.9999999999932,-1177.000000000006,-4265.000000000015,148.99999999999915,-1444.9999999999932,-2155.000000000001,1581.0000000000102,,-10120.000000000011
2016.09.02,-1557.0000000000023,282.99999999999994,-1998.9999999999952,93.99999999999409,183.99999999999528,-1217.9999999999968,-4328.000000000003,232.00000000000998,-1462.9999999999939,-2108.000000000004,1416.0000000000061,,-10463.99999999999
2016.09.02,-1990.000000000009,-12.999999999996348,-2266.999999999997,52.000000000007596,124.99999999999733,-1405.0000000000007,-4788.000000000011,68.00000000000139,-1483.000000000004,-2099.0000000000036,1112.0000000000018,,-12688.000000000013
2016.09.02,-2082.0000000000077,-92.99999999999864,-2133.0000000000073,19.999999999997797,78.00000000000028,-1346.0000000000027,-4706.000000000017,19.999999999997797,-1468.0000000000036,-2097.000000000008,1030.0000000000086,,-12777.000000000042
2016.09.02,-2174.0000000000064,-95.00000000000064,-2079.0000000000086,-9.999999999998899,121.99999999999989,-1334.9999999999973,-4693.000000000012,131.00000000001444,-1537.0000000000061,-2097.000000000008,894.0000000000059,,-12873.000000000016
2016.09.02,-2093.0000000000036,-15.999999999993797,-2045.000000000008,-8.999999999992347,161.99999999999548,-1314.000000000004,-4616.000000000014,223.00000000001762,-1557.9999999999927,-2127.0000000000095,887.9999999999999,,-12505.000000000005
2016.09.02,-1993.9999999999998,19.999999999997797,-2054.0000000000005,-1.999999999990898,207.99999999999707,-1310.0,-4466.000000000008,304.00000000001535,-1521.000000000001,-2039.0000000000014,895.0000000000014,,-11958.999999999989
2016.09.02,-1868.9999999999998,87.99999999999919,-2093.999999999996,2.999999999997449,234.99999999999633,-1334.9999999999973,-4419.000000000011,346.0000000000019,-1497.0,-2040.0000000000064,921.0000000000051,,-11661.00000000001
2016.09.02,-1915.0000000000064,97.00000000000264,-2146.0000000000036,-4.999999999988347,256.99999999999613,-1373.000000000002,-4510.000000000019,404.0000000000044,-1540.9999999999968,-2108.000000000004,973.0000000000016,,-11867.000000000015
2016.09.02,-1946.0000000000123,65.00000000000395,-2058.000000000004,-15.00000000000945,240.99999999999122,-1326.000000000005,-4429.000000000002,388.0000000000106,-1531.9999999999964,-2102.0000000000036,979.0000000000076,,-11735.00000000002
2016.09.02,-1942.0000000000073,85.00000000000173,-2002.9999999999993,1.999999999990898,253.99999999999866,-1275.9999999999993,-4380.000000000024,390.0000000000015,-1548.9999999999923,-2079.0000000000077,954.0000000000103,,-11544.000000000025
2016.09.02,-1867.0000000000045,89.00000000000574,-2011.0000000000073,-2.999999999997449,249.99999999999466,-1285.9999999999982,-4299.000000000006,392.9999999999989,-1495.999999999995,-2044.0000000000111,951.0000000000018,,-11323.00000000002
2016.09.02,-1909.000000000006,107.00000000000153,-1964.9999999999945,-25.999999999992696,259.9999999999936,-1275.0000000000039,-4319.000000000016,442.00000000000904,-1545.0000000000018,-2094.999999999999,969.0000000000088,,-11356.000000000002
2016.09.02,-1943.000000000012,106.00000000000608,-2004.0000000000057,-31.000000000003247,262.999999999991,-1302.9999999999986,-4404.000000000025,451.0000000000014,-1572.0000000000027,-2112.000000000009,943.000000000005,,-11606.000000000051
2016.09.02,-1905.0000000000011,107.99999999999699,-1968.9999999999986,-62.000000000006494,254.99999999999412,-1310.0,-4329.000000000007,490.0000000000126,-1543.0000000000064,-2045.0000000000018,898.0000000000099,,-11412.000000000007
2016.09.02,-1676.0000000000018,-53.00000000000304,-1947.0000000000098,-524.9999999999977,76.99999999999375,-1344.0000000000007,-3855.000000000018,763.0000000000026,-1275.9999999999964,-1761.00000000001,678.0000000000008,,-10919.000000000044
