date,GBPUSD,EURUSD,USDJPY,AUDUSD,CHFJPY,EURGBP,GBPJPY,GBPCAD,GBPAUD,EURNZD,AUDCAD,NZDCAD,empty,sum
2018.10.01,72.0000000000054,-49.99999999999449,49.99999999999716,-23.00000000000635,94.0000000000083,39.00000000000014,-69.00000000001683,-31.000000000003247,-55.99999999998939,-121.99999999999989,-4.000000000004,134.99999999999625,,34.99999999999304
2018.10.01,51.000000000001044,-55.99999999998939,21.000000000000796,-20.0000000000089,114.00000000000432,29.999999999996696,-81.00000000001728,-72.99999999998974,-97.9999999999981,-120.99999999999334,-34.000000000000696,212.00000000000108,,-54.99999999999346
2018.10.01,77.00000000001594,-112.99999999998533,52.99999999999727,-9.00000000000345,78.00000000000296,29.000000000001247,-69.00000000001683,134.00000000001188,-32.999999999994145,4.000000000004,58.000000000002494,153.00000000000313,,362.0000000000392
2018.10.01,70.99999999999883,-112.000000000001,46.00000000000648,46.999999999997044,84.00000000000318,27.999999999994696,-72.00000000000273,104.00000000001519,92.00000000000318,85.00000000000173,-28.000000000005798,209.9999999999991,,555.0000000000099
2018.10.01,9.000000000014552,-85.00000000000173,125.0,43.999999999999595,133.00000000000978,8.999999999992347,98.99999999998954,5.999999999994898,9.999999999998899,17.000000000000348,-41.000000000002146,208.99999999999253,,534.9999999999886
2018.10.01,5.000000000010552,-107.99999999999699,97.99999999999898,-15.00000000000945,118.99999999999977,-13.00000000000745,66.0000000000025,89.00000000000574,-148.99999999999915,0.0,87.00000000000374,134.99999999999625,,314.0000000000045
2018.10.01,-25.999999999992696,-66.99999999999484,63.00000000000239,-26.000000000003798,140.00000000000057,-1.0000000000065512,57.999999999992724,-282.9999999999888,-221.99999999998886,-110.99999999999443,-80.00000000000229,282.99999999999994,,-271.99999999997664
2018.10.01,-7.999999999985796,-90.99999999999665,132.000000000005,-26.999999999999247,192.00000000000728,-9.00000000000345,128.99999999999068,-119.00000000000244,-201.00000000000674,-80.99999999999774,-2.000000000002,209.9999999999991,,125.00000000000801
2018.10.01,77.00000000001594,-173.99999999998528,243.99999999999977,-46.00000000000159,229.00000000001342,-12.000000000000899,171.99999999999704,-113.99999999999189,-130.99999999999224,-15.00000000000945,-36.0000000000027,234.00000000000088,,428.00000000004303
2018.10.01,58.000000000002494,-153.9999999999875,253.0000000000001,-24.000000000001798,296.0000000000065,-11.00000000000545,209.00000000000318,299.00000000000483,-102.00000000000209,92.00000000000318,178.00000000000037,75.00000000000284,,1169.0000000000268
2018.10.01,38.0000000000047,-157.99999999999147,218.00000000000352,-12.000000000000899,300.00000000001137,-26.000000000003798,183.9999999999975,212.00000000001216,-93.99999999999409,180.0000000000024,127.99999999999478,149.99999999999457,,1120.0000000000307
2018.10.01,69.00000000000794,-193.99999999998306,224.00000000000375,-55.000000000005045,294.00000000001114,-34.000000000000696,155.9999999999775,222.00000000001108,-168.99999999999693,116.00000000000499,168.99999999999693,100.00000000000009,,898.0000000000277
2018.10.01,73.99999999999629,-205.99999999999508,195.99999999999795,-70.0000000000034,226.0000000000133,-38.0000000000047,110.99999999999,185.00000000001293,-190.00000000000128,-38.0000000000047,161.00000000000003,42.999999999993044,,453.99999999999443
2018.10.01,80.00000000001339,-197.00000000000273,182.00000000000216,-65.99999999999939,202.0000000000124,-29.000000000001247,89.99999999997499,198.00000000000927,-175.99999999999838,-59.99999999999339,158.0000000000026,34.000000000000696,,416.00000000002035
2018.10.01,100.0000000000112,-219.99999999999798,203.00000000000296,-84.0000000000063,211.00000000001273,-34.000000000000696,94.99999999999886,214.00000000000307,-195.9999999999962,-14.000000000002899,175.00000000000293,47.9999999999925,,498.00000000002024
2018.10.01,140.0000000000068,-207.00000000000162,230.00000000000398,-109.99999999999899,212.0000000000033,3.999999999992898,82.99999999999841,195.9999999999962,-202.9999999999976,-114.99999999999844,175.99999999999838,41.000000000002146,,447.0000000000054
2018.10.01,117.00000000001154,-208.99999999999253,204.9999999999983,-142.00000000000878,285.0000000000108,-12.000000000000899,76.99999999999818,181.00000000000892,-316.0000000000052,-100.99999999999554,221.00000000000452,39.00000000000014,,345.00000000002944
2018.10.01,100.0000000000112,-272.99999999998994,216.99999999999875,-162.0000000000066,262.00000000000045,-74.00000000000739,109.99999999998522,209.9999999999991,-390.9999999999858,-41.000000000002146,275.99999999999847,-9.00000000000345,,224.99999999999787
2018.10.01,38.0000000000047,-236.99999999999832,251.00000000000477,-124.00000000000189,261.0000000000099,-86.0000000000083,225.9999999999991,158.0000000000137,-377.9999999999894,-93.00000000000975,236.99999999999832,-11.00000000000545,,242.00000000001734
2018.10.01,78.00000000000028,-353.0000000000033,259.00000000000034,-131.00000000000333,275.0000000000057,-148.99999999999915,191.99999999997885,134.00000000001188,-339.0000000000004,-31.000000000003247,207.00000000000162,-33.000000000005244,,108.99999999998398
2018.10.01,-8.999999999992347,-329.99999999998585,281.9999999999965,-104.99999999999955,301.00000000000193,-189.00000000000583,317.99999999998363,228.00000000000597,-398.9999999999938,-62.99999999999084,293.99999999999426,-136.99999999999824,,191.00000000001586
2018.10.01,-148.99999999999915,-200.00000000000017,334.0000000000032,-50.0000000000056,138.00000000000523,-185.00000000000182,548.0000000000018,124.99999999999733,-453.99999999999886,-121.99999999999989,261.99999999999557,-107.00000000000153,,139.9999999999962
2018.10.01,-72.99999999998974,-197.00000000000273,305.9999999999974,-94.00000000000519,90.00000000000341,-170.99999999999892,494.9999999999761,253.99999999999866,-370.00000000000364,-236.99999999999832,329.00000000000153,-167.00000000000603,,164.9999999999725
2018.10.01,-195.9999999999962,-88.99999999998354,257.99999999999557,-103.00000000000864,-72.99999999999329,-134.0000000000008,502.9999999999859,164.00000000000858,-646.9999999999976,-347.0000000000084,383.0,-184.00000000000637,,-465.0000000000048
2018.10.01,-142.99999999998204,-78.99999999998464,237.00000000000898,-46.00000000000159,1.0000000000047748,-87.99999999999919,413.99999999998727,316.0000000000052,-435.9999999999919,-265.0000000000041,358.0000000000028,-180.99999999999784,,88.00000000004758
2018.10.01,-75.99999999998718,-3.999999999981796,290.00000000000625,-31.000000000003247,170.0000000000017,14.999999999998348,407.99999999998704,431.0000000000036,-307.99999999999716,-374.999999999992,354.9999999999942,-196.00000000000728,,679.0000000000226
2018.10.01,-28.999999999990145,-29.999999999996696,308.00000000000693,-64.0000000000085,89.00000000001285,25.999999999992696,377.9999999999859,509.00000000000387,-323.99999999999096,-432.9999999999945,409.99999999999926,-250.00000000000577,,590.0000000000149
2018.10.01,-1.999999999990898,-75.99999999998718,284.000000000006,-53.00000000000304,189.00000000000716,10.999999999994348,313.99999999999295,685.0000000000023,-261.0000000000001,-456.9999999999963,473.0000000000012,-367.0000000000062,,740.00000000002
2018.10.01,-75.99999999998718,-92.00000000000318,277.000000000001,-55.000000000005045,148.00000000001035,-53.00000000000304,390.99999999999113,483.0000000000112,-364.9999999999931,-502.00000000000244,414.9999999999987,-348.00000000000387,,223.00000000001444
2018.10.01,145.00000000001734,-168.99999999999693,266.9999999999959,-86.0000000000083,14.000000000010004,39.999999999995595,125.0,655.0000000000056,-133.00000000000534,-414.00000000000324,392.00000000000347,-302.9999999999977,,533.0000000000164
2018.10.01,212.99999999999653,-181.9999999999933,236.0000000000042,-65.99999999999939,35.0000000000108,74.99999999999174,6.000000000000227,679.0000000000074,2.999999999997449,-409.99999999999926,334.00000000000097,-278.00000000000045,,645.0000000000168
2018.10.01,-393.99999999998323,-61.99999999998429,227.00000000000387,-26.000000000003798,19.000000000005457,-247.00000000000833,685.9999999999786,-89.99999999999008,-730.9999999999927,-422.9999999999956,285.00000000000193,-202.9999999999976,,-958.9999999999659
2018.10.01,-270.99999999999903,-183.99999999998417,260.0000000000051,-97.00000000000264,8.000000000009777,-257.0000000000072,589.999999999975,28.000000000005798,-746.9999999999866,-323.99999999999096,356.00000000000074,-221.99999999999997,,-859.9999999999743
2018.10.01,-329.99999999998585,-134.99999999999625,280.00000000000114,-90.0000000000012,46.00000000000648,-257.0000000000072,674.999999999983,-92.00000000000318,-797.9999999999876,-241.00000000000233,321.0000000000046,-135.00000000000733,,-755.9999999999957
2018.10.01,-264.9999999999819,-208.99999999999253,332.9999999999984,-111.00000000000554,18.000000000000682,-272.00000000000557,677.9999999999973,113.00000000000753,-771.9999999999949,-192.99999999999872,417.99999999999613,-218.00000000000708,,-479.99999999998624
2018.10.01,-69.9999999999923,-315.99999999998295,251.99999999999534,-50.0000000000056,49.000000000006594,-220.00000000000907,350.9999999999991,116.00000000000499,-343.00000000000443,97.9999999999981,200.00000000000017,-28.000000000005798,,39.00000000000418
2018.10.01,-46.999999999997044,-424.00000000000216,230.00000000000398,-18.0000000000069,-20.999999999986585,-287.0000000000039,295.99999999999227,380.00000000000256,-231.0000000000034,245.99999999999068,290.9999999999968,-155.00000000000514,,259.9999999999811
2018.10.01,89.00000000000574,-499.9999999999893,268.0000000000007,-34.000000000000696,-18.999999999991246,-252.0000000000078,187.99999999998818,676.0000000000099,-79.99999999999119,323.0000000000066,378.00000000000057,-235.00000000000742,,802.000000000024
2018.10.01,12.000000000012001,-429.99999999999704,234.00000000000887,-16.0000000000049,-27.999999999991587,-252.0000000000078,233.99999999998045,597.0000000000031,-146.99999999998602,303.9999999999932,365.99999999999966,-204.99999999999963,,669.0000000000102
2018.10.01,36.999999999998145,-475.0000000000032,277.000000000001,-65.00000000000395,1.0000000000047748,-270.0000000000036,260.9999999999957,546.000000000002,-229.99999999999687,293.0000000000099,382.00000000000455,-200.00000000000017,,557.0000000000082
2018.10.01,6.000000000017103,-441.0000000000025,275.0000000000057,-24.000000000001798,-48.99999999999238,-264.0000000000087,292.0000000000016,649.999999999995,-171.99999999999437,316.0000000000052,409.99999999999926,-239.0000000000003,,760.0000000000238
2018.10.01,-31.999999999987594,-410.99999999998363,274.0000000000009,27.999999999994696,-43.99999999999693,-268.0000000000016,335.9999999999843,588.0000000000107,-93.99999999999409,347.0000000000084,332.99999999999443,-194.0000000000053,,863.0000000000243
2018.10.01,-4.000000000004,-401.99999999999125,305.9999999999974,23.999999999990695,7.000000000005002,-239.0000000000003,345.9999999999752,754.0000000000102,-69.9999999999923,289.9999999999903,412.9999999999967,-275.000000000003,,1149.9999999999748
2018.10.01,19.00000000001345,-412.9999999999967,281.9999999999965,24.999999999997247,-19.99999999999602,-234.00000000000088,286.9999999999777,751.9999999999972,-31.999999999987594,282.0000000000045,393.9999999999944,-272.00000000000557,,1069.999999999994
2018.10.01,-36.999999999998145,-376.9999999999829,242.00000000000443,29.000000000001247,1.0000000000047748,-243.00000000000432,299.99999999998295,544.9999999999955,-97.9999999999981,198.99999999999363,317.0000000000006,-219.99999999999798,,658.0000000000018
2018.10.01,-8.999999999992347,-377.9999999999894,281.0000000000059,3.999999999992898,26.00000000001046,-226.00000000000398,318.9999999999884,499.000000000005,-117.99999999999588,211.00000000000563,302.0000000000023,-174.00000000000747,,737.0000000000214
2018.10.01,-12.999999999996348,-387.99999999998835,256.0000000000002,-3.0000000000085514,4.0000000000048885,-237.00000000000944,292.99999999997794,459.99999999999375,-146.99999999998602,211.99999999998997,293.99999999999426,-150.00000000000568,,580.9999999999666
2018.10.01,-34.99999999998504,-377.9999999999894,194.00000000000261,-31.000000000003247,-49.99999999999716,-252.0000000000078,233.99999999998045,351.99999999999676,-113.00000000000753,297.9999999999983,295.99999999999625,-182.99999999999983,,331.99999999998437
2018.10.02,7.0000000000014495,-387.99999999998835,265.00000000000057,-38.0000000000047,-0.999999999990564,-257.0000000000072,292.0000000000016,374.0000000000077,-161.99999999999548,-26.999999999999247,273.000000000001,-224.9999999999974,,113.0000000000293
2018.10.02,19.999999999997797,-417.0000000000007,295.0000000000017,-34.000000000000696,-8.99999999998613,-247.00000000000833,313.99999999999295,371.99999999999454,-163.9999999999864,-243.99999999999977,256.99999999999613,-343.00000000000443,,-200.00000000000333
2018.10.02,-9.999999999998899,-393.99999999998323,296.0000000000065,-15.00000000000945,52.00000000000671,-240.00000000000688,346.99999999998,334.9999999999964,-190.00000000000128,-218.00000000000708,246.00000000000176,-318.00000000000716,,-109.00000000002262
2018.10.02,-32.999999999994145,-403.99999999998215,299.0000000000066,-11.00000000000545,22.00000000000557,-265.0000000000041,369.9999999999761,385.99999999999744,-187.00000000000384,-246.99999999999721,273.9999999999965,-375.9999999999986,,-172.00000000000327
2018.10.02,-31.000000000003247,-384.9999999999909,278.0000000000058,19.999999999997797,20.000000000010232,-248.99999999999923,339.999999999975,422.00000000001125,-119.99999999998678,-150.00000000000568,258.0000000000027,-334.00000000000097,,69.00000000001592
2018.10.02,-46.999999999997044,-390.0000000000015,254.0000000000049,25.999999999992696,12.000000000000455,-261.0000000000001,324.99999999998863,327.99999999999494,-123.00000000000644,-79.99999999999119,202.9999999999976,-263.0000000000021,,-16.0000000000191
2018.10.02,-29.999999999996696,-414.9999999999876,259.00000000000034,29.000000000001247,-24.999999999991473,-270.0000000000036,312.9999999999882,398.9999999999938,-86.99999999999264,0.0,229.00000000000142,-267.00000000000614,,135.00000000000682
2018.10.02,-12.999999999996348,-402.9999999999978,245.9999999999951,80.99999999999774,-46.999999999997044,-250.00000000000577,275.99999999998204,507.000000000013,63.99999999999739,87.99999999999919,210.99999999999451,-260.00000000000466,,499.9999999999774
2018.10.02,-87.99999999999919,-370.00000000000364,183.9999999999975,84.99999999999064,-58.9999999999975,-277.000000000005,283.9999999999918,426.9999999999996,-31.999999999987594,69.9999999999923,214.00000000000307,-251.00000000000122,,186.9999999999807
2018.10.02,-17.999999999984695,-434.000000000001,207.9999999999984,43.999999999999595,-69.99999999999318,-276.00000000000955,234.99999999998522,449.9999999999948,-35.00000000000725,116.00000000000499,231.0000000000034,-243.99999999999977,,206.99999999999096
2018.10.02,33.00000000001635,-455.99999999998977,239.00000000000432,3.999999999992898,-53.999999999987836,-257.0000000000072,215.99999999997976,509.00000000000387,-60.99999999999994,68.00000000000139,276.9999999999939,-279.00000000000705,,239.00000000000068
2018.10.02,-1.999999999990898,-451.0000000000014,219.0000000000083,29.999999999996696,-44.999999999987494,-278.00000000000045,227.99999999998022,476.9999999999941,-48.000000000003595,127.00000000001043,248.00000000000378,-251.00000000000122,,254.00000000000844
2018.10.02,8.000000000008,-441.0000000000025,242.00000000000443,47.9999999999925,-57.999999999992724,-263.0000000000021,246.99999999998568,526.0000000000042,9.999999999998899,89.99999999999008,244.99999999999523,-275.99999999999847,,377.99999999998323
2018.10.02,12.000000000012001,-456.9999999999963,239.00000000000432,32.999999999994145,-74.99999999998863,-274.00000000000756,239.99999999998067,537.9999999999941,-24.000000000001798,123.00000000000644,268.99999999999704,-278.00000000000045,,345.999999999994
2018.10.02,19.999999999997797,-465.99999999998863,262.00000000000045,22.999999999995246,-59.99999999998806,-275.000000000003,260.9999999999957,523.0000000000068,-4.000000000004,190.00000000000128,266.999999999995,-238.0000000000049,,503.00000000000364
2018.10.02,50.0000000000167,-465.99999999998863,263.00000000000523,35.999999999991594,-57.999999999992724,-255.00000000000523,225.9999999999991,558.9999999999984,36.0000000000138,150.99999999999002,251.99999999999667,-257.0000000000072,,537.0000000000177
2018.10.02,178.00000000001148,-604.9999999999889,192.00000000000728,-126.0000000000039,-144.99999999999602,-274.00000000000756,-13.00000000000523,615.00000000001,-192.99999999999872,137.9999999999937,400.00000000000034,-312.00000000000114,,-144.99999999997857
2018.10.02,211.00000000000563,-685.9999999999866,114.00000000000432,-253.0000000000032,-272.99999999999613,-316.0000000000052,-150.00000000000568,598.0000000000097,-461.0000000000003,59.000000000009045,527.9999999999951,-378.00000000000057,,-1006.9999999999739
2018.10.02,299.00000000000483,-767.9999999999909,61.99999999999761,-253.99999999999866,-342.9999999999893,-318.00000000000716,-317.0000000000073,631.0000000000038,-343.99999999998875,235.00000000000742,485.99999999999756,-317.0000000000006,,-947.9999999999716
2018.10.02,290.9999999999968,-774.9999999999924,58.000000000006935,-246.00000000000176,-331.99999999999363,-328.0000000000061,-312.0000000000118,641.0000000000027,-333.0000000000055,177.99999999998929,487.0000000000041,-358.9999999999982,,-1030.0000000000095
2018.10.02,469.0000000000083,-861.999999999985,37.9999999999967,-360.0000000000048,-210.99999999999852,-270.99999999999903,-544.0000000000111,829.0000000000131,-374.0000000000077,283.000000000011,609.9999999999994,-350.00000000000585,,-742.9999999999834
2018.10.02,358.00000000001387,-723.9999999999914,120.99999999999511,-320.00000000000915,-131.00000000000023,-240.00000000000688,-307.00000000001637,794.0000000000058,-428.00000000000614,120.99999999999334,619.0000000000028,-382.00000000000455,,-519.0000000000238
2018.10.02,501.0000000000181,-859.9999999999941,28.999999999996362,-430.00000000000813,-137.99999999999102,-252.0000000000078,-591.0000000000082,761.0000000000117,-502.9999999999868,174.00000000000747,639.0000000000007,-346.9999999999973,,-1016.9999999999591
2018.10.02,702.0000000000026,-1014.9999999999882,-70.99999999999795,-579.0000000000073,-253.99999999999068,-231.0000000000034,-951.9999999999982,1017.0000000000013,-605.9999999999955,235.99999999999176,831.9999999999994,-429.99999999999704,,-1350.9999999999827
2018.10.02,711.0000000000172,-973.999999999986,3.0000000000001137,-526.9999999999997,-258.99999999998613,-192.00000000000327,-864.0000000000043,1070.0000000000155,-458.00000000000284,187.00000000000384,785.9999999999978,-443.99999999999994,,-960.9999999999472
2018.10.02,828.0000000000065,-1008.9999999999932,28.000000000005798,-528.0000000000063,-250.0,-140.0000000000068,-965.0000000000034,1207.0000000000025,-293.99999999999426,248.00000000000378,780.000000000003,-433.0000000000056,,-527.999999999988
2018.10.02,885.0000000000025,-1011.9999999999907,16.999999999995907,-535.0000000000077,-282.99999999998704,-104.00000000000409,-1040.9999999999968,1255.0000000000061,-235.99999999999176,222.99999999999542,778.9999999999964,-438.00000000000506,,-489.9999999999871
2018.10.02,946.0000000000024,-986.9999999999824,58.000000000006935,-565.0000000000044,-279.9999999999869,-38.0000000000047,-1062.0000000000118,1316.0000000000061,-226.99999999999943,134.99999999999625,805.0000000000001,-450.00000000000597,,-348.9999999999838
2018.10.02,753.0000000000036,-868.9999999999865,90.00000000000341,-434.000000000001,-163.99999999998727,-82.99999999999974,-796.999999999997,1164.0000000000095,-165.9999999999995,133.99999999998968,688.9999999999952,-414.00000000000324,,-96.99999999997277
2018.10.02,804.0000000000047,-868.000000000002,129.99999999999545,-485.0000000000021,-109.99999999999943,-46.00000000000159,-802.0000000000209,1185.9999999999982,-221.99999999998886,116.00000000000499,729.0000000000018,-397.0000000000029,,34.999999999987324
2018.10.02,766.0,-788.9999999999952,134.00000000000034,-464.00000000000887,-142.99999999998647,-13.00000000000745,-757.000000000005,1391.0000000000089,-217.0000000000005,103.99999999999298,844.0000000000003,-473.0000000000012,,382.9999999999978
2018.10.02,656.9999999999965,-774.9999999999924,100.00000000000853,-453.0000000000034,-120.99999999999511,-77.00000000000485,-675.0000000000114,1276.0000000000105,-347.9999999999928,89.99999999999008,844.9999999999958,-483.0000000000001,,36.00000000000114
2018.10.02,719.000000000003,-791.9999999999927,129.0000000000049,-445.0000000000065,-146.99999999999136,-48.99999999999905,-711.0000000000127,1293.000000000011,-238.0000000000049,70.99999999999883,800.0000000000007,-475.0000000000032,,155.00000000000784
2018.10.02,721.000000000016,-829.9999999999974,43.00000000000637,-411.0000000000058,-256.0000000000002,-76.0000000000094,-820.999999999998,1166.0000000000005,-153.00000000000313,381.0000000000091,687.9999999999998,-290.00000000000136,,162.00000000001637
2018.10.02,589.0000000000173,-780.000000000003,-21.000000000000796,-339.0000000000004,-295.99999999999227,-129.00000000000134,-754.0000000000191,880.9999999999984,-160.00000000000458,339.0000000000004,526.9999999999997,-211.00000000000563,,-354.0000000000112
2018.10.02,571.0000000000103,-594.99999999999,-51.9999999999925,-245.0000000000063,-289.99999999999204,1.999999999990898,-777.0000000000152,1015.0000000000103,56.000000000011596,173.00000000000094,497.000000000003,-238.0000000000049,,117.00000000002626
2018.10.02,629.9999999999973,-530.9999999999926,-132.000000000005,-246.00000000000176,-495.9999999999951,91.99999999999208,-945.0000000000216,1217.0000000000014,131.00000000001444,153.00000000000313,565.0000000000044,-263.0000000000021,,174.99999999999443
2018.10.02,558.0000000000141,-573.9999999999857,-39.99999999999204,-267.00000000000614,-382.99999999999557,8.999999999992347,-745.0000000000045,1061.000000000001,-18.999999999991246,234.00000000000088,556.0000000000009,-221.99999999999997,,168.00000000003402
2018.10.02,513.0000000000078,-565.9999999999999,-34.99999999999659,-277.000000000005,-409.9999999999966,-15.00000000000945,-687.0000000000118,1070.0000000000155,-100.99999999999554,214.00000000000307,602.999999999998,-262.00000000000665,,47.0000000000029
2018.10.02,578.0000000000118,-654.9999999999834,21.000000000000796,-348.00000000000387,-394.999999999996,-38.0000000000047,-686.000000000007,1088.0,-187.99999999998818,195.9999999999962,661.0000000000005,-304.00000000000426,,-69.99999999997806
2018.10.02,589.0000000000173,-688.9999999999841,79.00000000000773,-368.00000000000165,-334.99999999999375,-57.00000000000705,-621.0000000000093,1073.0000000000127,-225.99999999999287,226.99999999999943,670.000000000004,-295.0000000000008,,47.000000000051614
2018.10.02,636.9999999999986,-733.9999999999902,78.00000000000296,-394.00000000000546,-462.99999999999386,-58.000000000002494,-683.0000000000211,1124.0000000000139,-224.000000000002,239.99999999999577,697.0000000000032,-319.99999999999807,,-99.99999999999886
2018.10.02,629.0000000000128,-722.0000000000005,45.000000000001705,-374.0000000000077,-422.9999999999876,-56.0000000000005,-716.0000000000082,1215.0000000000105,-184.99999999999073,221.00000000000452,726.9999999999999,-365.99999999999966,,-4.999999999965212
2018.10.02,597.0000000000031,-715.9999999999833,-18.999999999991246,-374.0000000000077,-424.99999999999716,-72.0000000000054,-764.00000000001,1120.9999999999943,-238.0000000000049,239.99999999999577,702.9999999999981,-326.9999999999995,,-274.000000000008
2018.10.02,546.000000000002,-625.9999999999932,-75.00000000000284,-369.0000000000082,-387.999999999991,-36.0000000000027,-780.0000000000011,978.0000000000122,-280.9999999999979,133.99999999998968,646.0000000000022,-273.000000000001,,-523.9999999999919
2018.10.02,551.0000000000126,-642.9999999999936,-111.99999999999477,-353.0000000000033,-417.99999999999216,-45.000000000006146,-832.9999999999984,997.0000000000034,-241.00000000000233,150.99999999999002,636.0000000000032,-280.9999999999979,,-590.9999999999795
2018.10.02,582.0000000000158,-666.9999999999953,-60.99999999999284,-370.9999999999991,-337.99999999999386,-43.999999999999595,-800.0000000000114,920.9999999999941,-239.99999999999577,93.99999999999409,595.0000000000011,-270.99999999999903,,-599.9999999999818
2018.10.02,606.0000000000176,-695.9999999999856,-58.9999999999975,-398.00000000000944,-342.9999999999893,-70.0000000000034,-817.0000000000073,1031.000000000004,-175.99999999999838,224.000000000002,661.0000000000005,-355.0000000000053,,-391.9999999999721
2018.10.03,589.0000000000173,-695.0000000000011,-33.999999999991815,-381.0000000000091,-354.99999999998977,-64.0000000000085,-765.0000000000148,1042.9999999999939,-224.000000000002,63.99999999999739,665.9999999999999,-375.9999999999986,,-532.0000000000073
2018.10.03,598.0000000000097,-691.9999999999815,-55.999999999997385,-356.00000000000074,-440.9999999999883,-63.00000000000195,-795.0000000000159,1029.0000000000132,-170.99999999998784,-39.999999999995595,612.9999999999969,-402.9999999999978,,-776.999999999947
2018.10.03,608.0000000000085,-679.9999999999917,-52.99999999999727,-334.00000000000097,-349.9999999999943,-40.00000000000669,-814.0000000000214,1048.0000000000045,-114.99999999999844,-2.999999999997449,595.0000000000011,-375.0000000000031,,-512.999999999997
2018.10.03,573.0000000000013,-654.9999999999834,-48.00000000000182,-373.00000000000114,-322.9999999999933,-43.00000000000415,-768.0000000000007,1001.0000000000074,-251.99999999998556,-153.00000000000313,646.0000000000022,-424.9999999999976,,-819.99999999996
2018.10.03,572.0000000000169,-634.9999999999856,-55.999999999997385,-346.0000000000019,-327.99999999998875,-26.999999999999247,-779.0000000000248,1025.0000000000093,-191.99999999999218,-25.00000000000835,629.0000000000018,-368.00000000000165,,-529.9999999999714
2018.10.03,597.0000000000031,-655.9999999999899,-134.9999999999909,-382.00000000000455,-417.99999999999216,-28.000000000005798,-908.0000000000155,1049.9999999999955,-248.99999999998812,-76.0000000000094,673.0000000000014,-407.99999999999727,,-939.9999999999936
2018.10.03,605.0000000000111,-654.9999999999834,-111.99999999999477,-381.0000000000091,-395.9999999999866,-19.00000000000235,-890.0000000000148,1075.0000000000036,-236.99999999999832,-174.99999999999181,680.0000000000028,-457.0000000000074,,-961.9999999999709
2018.10.03,635.0000000000077,-715.9999999999833,-108.00000000000409,-465.0000000000043,-429.9999999999926,-47.00000000000814,-919.0000000000111,1018.0000000000077,-404.0000000000044,-365.99999999999966,731.9999999999993,-544.0,,-1613.999999999993
2018.10.03,643.0000000000158,-767.9999999999909,-161.00000000000136,-506.0000000000064,-517.9999999999865,-82.00000000000429,-997.0000000000141,1021.0000000000052,-485.0000000000021,-272.00000000000557,780.000000000003,-536.0000000000032,,-1880.9999999999907
2018.10.03,500.00000000001154,-458.00000000000284,4.0000000000048885,-392.00000000000347,-307.9999999999927,56.99999999999594,-617.0000000000186,978.9999999999966,-409.99999999999926,-537.0000000000097,714.999999999999,-511.0000000000059,,-978.0000000000247
2018.10.03,418.0000000000073,-278.9999999999848,97.99999999999898,-333.0000000000055,-133.99999999998613,139.99999999999568,-406.0000000000059,906.0000000000068,-373.00000000000114,-602.999999999998,653.999999999999,-426.00000000000415,,-337.9999999999779
2018.10.03,425.0000000000087,-309.99999999998806,100.00000000000853,-406.00000000000637,-167.99999999999216,120.99999999999334,-411.00000000000136,824.0000000000025,-557.0000000000075,-659.0000000000095,700.0000000000006,-424.9999999999976,,-765.9999999999889
2018.10.03,424.00000000000216,-313.99999999999204,61.99999999999761,-420.00000000000927,-186.9999999999976,117.00000000000044,-459.0000000000032,875.0000000000035,-584.0000000000067,-819.9999999999985,744.0000000000002,-536.0000000000032,,-1098.0000000000066
2018.10.03,439.0000000000116,-360.9999999999891,-27.999999999991587,-492.999999999999,-286.9999999999919,90.99999999999665,-593.0000000000177,855.0000000000058,-753.9999999999881,-831.000000000004,817.9999999999965,-551.9999999999969,,-1695.9999999999677
2018.10.03,480.99999999999807,-400.00000000000034,-49.99999999999716,-491.0000000000081,-326.9999999999982,88.99999999999464,-668.0000000000064,916.0000000000057,-685.9999999999866,-804.9999999999891,819.0000000000031,-573.9999999999967,,-1695.999999999981
2018.10.03,422.00000000001125,-383.0,-46.999999999997044,-473.0000000000012,-356.9999999999993,63.99999999999739,-602.0000000000039,845.0000000000068,-724.9999999999978,-798.0000000000098,795.9999999999967,-556.0000000000009,,-1813.9999999999977
2018.10.03,380.00000000000256,-290.9999999999968,39.00000000000148,-401.00000000000693,-315.9999999999883,104.99999999999955,-439.0000000000214,819.0000000000142,-601.9999999999915,-849.0000000000109,719.9999999999984,-531.9999999999991,,-1366.9999999999986
2018.10.03,351.99999999999676,-293.99999999999426,36.000000000001364,-433.0000000000056,-275.99999999999625,80.99999999999774,-409.00000000002024,784.0000000000069,-717.9999999999964,-838.9999999999898,763.9999999999981,-531.9999999999991,,-1484.0000000000005
2018.10.03,334.9999999999964,-370.00000000000364,82.99999999999841,-440.00000000000705,-284.9999999999966,13.999999999991797,-332.9999999999984,730.0000000000084,-757.999999999992,-712.0000000000015,753.9999999999991,-507.9999999999973,,-1490.0000000000023
2018.10.03,381.0000000000091,-334.9999999999964,88.99999999999864,-495.000000000001,-325.9999999999934,73.00000000000084,-376.0000000000048,766.0,-834.0000000000014,-821.000000000005,812.0000000000016,-522.0000000000002,,-1587.9999999999923
2018.10.03,344.00000000001097,-388.9999999999949,93.00000000000352,-564.000000000009,-294.9999999999875,3.999999999992898,-328.00000000000296,624.0000000000023,-1062.0000000000073,-869.999999999993,848.9999999999998,-536.9999999999986,,-2130.9999999999836
2018.10.03,412.00000000001234,-377.9999999999894,174.99999999999716,-570.9999999999993,-375.0,61.999999999995396,-296.99999999999704,668.0000000000019,-987.9999999999889,-906.9999999999911,834.0000000000014,-524.9999999999977,,-1889.9999999999554
2018.10.03,415.0000000000098,-434.9999999999854,140.00000000000057,-636.0000000000032,-381.9999999999908,7.9999999999968985,-343.00000000001774,669.0000000000085,-1143.9999999999895,-961.9999999999961,915.9999999999945,-595.0000000000011,,-2348.9999999999736
2018.10.03,219.99999999999798,-410.99999999998363,147.00000000000557,-643.0000000000047,-317.99999999999784,-97.00000000000264,-115.0000000000091,453.99999999999886,-1431.9999999999889,-987.0000000000045,942.9999999999939,-606.0000000000065,,-2845.000000000002
2018.10.03,383.0,-510.99999999999477,100.99999999999909,-712.0000000000015,-424.99999999999716,-60.00000000000449,-361.0000000000184,585.9999999999976,-1377.9999999999905,-1022.9999999999961,988.9999999999955,-655.0000000000056,,-3066.0000000000164
2018.10.03,324.0000000000132,-471.9999999999835,120.99999999999511,-692.9999999999992,-427.99999999999727,-70.0000000000034,-270.00000000001023,476.9999999999941,-1414.000000000004,-937.9999999999944,946.9999999999978,-572.0000000000058,,-2987.999999999998
2018.10.03,467.0000000000174,-566.9999999999842,143.00000000000068,-753.9999999999991,-481.9999999999993,-47.00000000000814,-401.00000000001046,687.0000000000153,-1370.0000000000045,-917.9999999999966,1036.999999999999,-644.0000000000001,,-2848.99999999997
2018.10.03,594.0000000000057,-625.9999999999932,121.99999999999989,-721.000000000005,-551.9999999999925,-6.0000000000060005,-573.0000000000075,842.0000000000094,-1107.999999999998,-841.0000000000028,987.0000000000045,-645.0000000000067,,-2526.999999999992
2018.10.03,656.9999999999965,-713.9999999999924,114.00000000000432,-753.9999999999991,-608.9999999999947,-30.000000000007798,-657.0000000000107,951.9999999999973,-1106.9999999999914,-869.999999999993,1049.0,-738.0000000000053,,-2706.9999999999964
2018.10.03,568.000000000013,-681.9999999999826,141.9999999999959,-764.0000000000091,-673.9999999999924,-65.99999999999939,-521.000000000015,848.0000000000043,-1255.0000000000061,-988.9999999999955,1070.0000000000043,-773.0000000000015,,-3095.999999999984
2018.10.03,476.0000000000098,-775.9999999999989,150.00000000000568,-802.0000000000027,-684.9999999999881,-201.00000000000674,-405.00000000000114,653.999999999999,-1478.0000000000016,-906.9999999999911,1073.9999999999973,-767.0000000000066,,-3666.9999999999845
2018.10.03,483.0000000000112,-866.9999999999956,171.00000000000648,-797.9999999999987,-654.9999999999869,-265.0000000000041,-385.0000000000193,635.0000000000077,-1463.9999999999986,-873.999999999997,1058.0000000000034,-797.9999999999987,,-3758.9999999999704
2018.10.03,453.0000000000145,-805.9999999999956,158.00000000000125,-748.0000000000042,-643.9999999999912,-241.00000000000233,-368.0000000000234,669.0000000000085,-1377.000000000006,-831.000000000004,1034.999999999997,-775.0000000000034,,-3475.000000000009
2018.10.03,347.0000000000084,-780.9999999999873,192.00000000000728,-783.0000000000003,-625.9999999999906,-306.00000000000625,-195.0000000000216,565.0000000000155,-1607.9999999999873,-842.0000000000094,1102.000000000003,-785.9999999999978,,-3720.999999999966
2018.10.03,205.00000000001074,-800.9999999999851,367.999999999995,-791.0000000000084,-536.9999999999919,-404.99999999999983,187.99999999998818,573.0000000000013,-1828.9999999999918,-991.0000000000085,1209.0000000000045,-960.0000000000053,,-3770.9999999999914
2018.10.03,344.00000000001097,-788.9999999999952,412.00000000000614,-716.0000000000056,-430.9999999999974,-300.0000000000003,85.99999999998431,720.0000000000095,-1451.9999999999866,-1051.0000000000018,1097.999999999999,-962.0000000000073,,-3040.9999999999836
2018.10.03,391.000000000008,-905.0000000000002,498.00000000000466,-865.0000000000047,-411.9999999999919,-360.0000000000048,146.99999999999136,740.0000000000073,-1761.9999999999968,-1038.99999999999,1263.9999999999984,-1021.0000000000052,,-3323.9999999999845
2018.10.03,473.99999999999665,-919.9999999999875,489.0000000000043,-872.0000000000061,-418.99999999999693,-314.0000000000032,40.99999999999682,800.0000000000007,-1662.9999999999923,-991.9999999999928,1248.0000000000045,-987.0000000000045,,-3114.99999999998
2018.10.03,489.0000000000061,-892.9999999999883,591.9999999999987,-882.000000000005,-304.9999999999926,-282.99999999999994,155.00000000000114,890.000000000013,-1666.9999999999964,-1032.999999999995,1300.9999999999966,-1022.0000000000007,,-2657.9999999999623
2018.10.03,502.00000000000244,-1012.9999999999973,656.9999999999965,-987.0000000000045,-278.99999999999636,-367.0000000000062,227.99999999998022,748.0000000000153,-1922.0000000000016,-1007.0000000000024,1349.9999999999957,-1017.9999999999967,,-3108.000000000015
2018.10.03,512.0000000000014,-939.9999999999853,664.0000000000015,-1000.0000000000009,-258.99999999998613,-304.00000000000426,223.99999999998954,839.9999999999964,-1937.9999999999952,-1046.999999999998,1403.999999999994,-1022.0000000000007,,-2865.9999999999873
2018.10.03,561.0000000000115,-966.9999999999845,695.999999999998,-990.000000000002,-269.999999999996,-289.0000000000059,205.99999999998886,907.9999999999977,-1842.9999999999945,-1114.9999999999993,1395.0000000000018,-1078.0000000000011,,-2785.9999999999854
2018.10.03,643.0000000000158,-1015.9999999999947,739.0000000000043,-1053.9999999999993,-274.9999999999915,-273.000000000001,173.00000000000182,909.0000000000042,-1890.9999999999982,-1222.9999999999964,1422.0000000000011,-1094.0000000000061,,-2939.99999999996
2018.10.03,631.0000000000038,-991.9999999999928,635.9999999999957,-1046.0000000000025,-321.9999999999885,-264.0000000000087,48.99999999997817,838.0000000000055,-1882.9999999999902,-1116.9999999999902,1380.9999999999989,-1002.9999999999983,,-3091.999999999989
2018.10.03,659.0000000000095,-1012.9999999999973,612.9999999999995,-1051.0000000000018,-357.9999999999899,-260.00000000000466,-11.000000000024102,740.0000000000073,-1856.9999999999975,-1140.0000000000077,1314.9999999999995,-963.0000000000027,,-3326.00000000001
2018.10.03,639.0000000000118,-1013.9999999999816,621.9999999999999,-1045.000000000007,-367.999999999995,-275.000000000003,19.99999999998181,692.0000000000038,-1875.9999999999889,-1110.9999999999952,1295.999999999997,-938.0000000000055,,-3357.999999999982
2018.10.03,748.9999999999997,-1113.9999999999927,763.9999999999958,-1107.0000000000025,-366.9999999999902,-275.000000000003,80.99999999998886,651.0000000000016,-1880.9999999999993,-1130.0000000000089,1273.0000000000018,-929.000000000002,,-3285.000000000011
2018.10.03,1022.0000000000118,-1390.0000000000023,834.0000000000032,-1229.0000000000023,-416.9999999999874,-357.00000000000733,-76.00000000002183,1015.9999999999947,-1774.9999999999932,-943.9999999999893,1456.0000000000018,-1146.0000000000025,,-3005.9999999999945
2018.10.04,913.0000000000083,-1430.9999999999823,766.0000000000053,-1188.0000000000002,-400.99999999999625,-407.0000000000018,-96.00000000000364,858.0000000000032,-1831.0000000000048,-964.0000000000093,1371.9999999999955,-1107.999999999998,,-3516.9999999999836
2018.10.04,876.0000000000101,-1346.999999999987,787.0000000000061,-1163.000000000003,-253.99999999999068,-381.0000000000091,-33.00000000001546,788.0000000000109,-1825.9999999999943,-900.9999999999962,1331.9999999999998,-992.9999999999994,,-3114.9999999999686
2018.10.04,900.9999999999962,-1336.9999999999882,766.0000000000053,-1179.0000000000077,-325.9999999999934,-342.000000000009,-88.00000000002228,800.0000000000007,-1844.9999999999854,-1027.0000000000002,1341.9999999999986,-1034.999999999997,,-3370.000000000002
2018.10.04,924.0000000000136,-1322.9999999999852,760.9999999999957,-1200.0000000000011,-321.9999999999885,-320.00000000000915,-122.0000000000141,812.0000000000127,-1858.9999999999884,-1153.000000000004,1363.9999999999986,-1078.9999999999966,,-3516.9999999999663
2018.10.04,924.9999999999981,-1359.9999999999834,831.0000000000031,-1221.0000000000055,-325.9999999999934,-347.0000000000084,-35.00000000002501,778.9999999999964,-1917.9999999999975,-1160.0000000000055,1366.999999999996,-1085.9999999999982,,-3551.000000000023
2018.10.04,988.0000000000111,-1394.9999999999907,811.000000000007,-1291.0000000000089,-403.99999999999636,-331.0000000000035,-129.0000000000191,780.000000000003,-2017.000000000002,-1343.9999999999895,1414.9999999999995,-1167.0000000000068,,-4083.9999999999964
2018.10.04,999.0000000000166,-1387.9999999999893,713.0000000000081,-1285.0000000000027,-427.99999999999727,-315.0000000000097,-272.0000000000198,815.9999999999945,-1984.9999999999923,-1459.9999999999945,1417.0000000000016,-1224.000000000003,,-4411.999999999987
2018.10.04,1034.0000000000016,-1390.9999999999866,692.9999999999978,-1272.0000000000064,-500.99999999999056,-296.0000000000074,-338.0000000000223,859.9999999999941,-1903.9999999999945,-1397.0000000000039,1400.0000000000011,-1195.0000000000016,,-4307.000000000019
2018.10.04,1146.0000000000025,-1490.999999999998,725.0000000000085,-1306.000000000007,-501.99999999999534,-295.0000000000008,-423.0000000000018,941.9999999999984,-1810.0000000000005,-1370.9999999999889,1409.0000000000048,-1226.0000000000048,,-4201.999999999983
2018.10.04,1069.0000000000089,-1436.9999999999993,625.0,-1306.000000000007,-520.9999999999866,-307.0000000000017,-465.0000000000034,870.9999999999995,-1932.0000000000005,-1380.0000000000034,1424.000000000003,-1199.0000000000057,,-4557.999999999996
2018.10.04,1046.999999999998,-1424.000000000003,621.9999999999999,-1296.0000000000082,-538.9999999999873,-311.00000000000574,-444.0000000000168,845.0000000000068,-1940.9999999999927,-1344.9999999999961,1412.9999999999975,-1173.9999999999973,,-4547.000000000005
2018.10.04,1068.0000000000023,-1448.999999999989,661.0000000000014,-1284.0000000000073,-541.9999999999874,-317.0000000000006,-417.0000000000016,886.000000000009,-1883.9999999999968,-1323.9999999999918,1407.0000000000027,-1190.9999999999977,,-4385.999999999956
2018.10.04,1034.0000000000016,-1441.9999999999877,623.9999999999952,-1324.000000000003,-577.9999999999887,-333.0000000000055,-427.0000000000209,879.0000000000075,-2034.0000000000025,-1293.9999999999952,1476.999999999995,-1189.0000000000068,,-4607.000000000011
2018.10.04,1067.000000000018,-1434.000000000002,554.000000000002,-1363.0000000000032,-611.9999999999948,-306.00000000000625,-552.0000000000209,895.0000000000014,-2085.0000000000036,-1394.0000000000064,1512.9999999999977,-1217.0000000000014,,-4934.00000000002
2018.10.04,1090.0000000000132,-1513.9999999999932,676.0000000000019,-1375.000000000004,-551.9999999999925,-348.9999999999993,-421.99999999999704,907.9999999999977,-2089.999999999992,-1366.0000000000005,1519.999999999999,-1253.9999999999995,,-4727.999999999965
2018.10.04,1076.0000000000102,-1462.999999999992,649.0000000000009,-1417.0000000000016,-578.9999999999935,-320.00000000000915,-442.0000000000073,906.0000000000068,-2214.999999999989,-1482.0000000000055,1583.9999999999966,-1280.0000000000034,,-4982.999999999987
2018.10.04,1067.000000000018,-1438.9999999999902,715.0000000000034,-1419.999999999999,-554.9999999999926,-309.99999999999915,-346.00000000000364,853.0000000000149,-2234.0000000000027,-1523.999999999992,1564.999999999994,-1258.0000000000036,,-4885.999999999953
2018.10.04,1017.0000000000013,-1424.000000000003,617.0000000000044,-1397.0000000000039,-596.9999999999942,-331.0000000000035,-414.0000000000157,838.0000000000055,-2244.999999999986,-1421.0000000000057,1561.0000000000014,-1227.0000000000002,,-5023.0
2018.10.04,958.0000000000144,-1366.0000000000005,650.9999999999962,-1424.000000000003,-495.9999999999951,-329.00000000000153,-302.99999999999727,737.0000000000099,-2400.0000000000023,-1624.0000000000032,1585.9999999999986,-1271.0,,-5280.999999999984
2018.10.04,956.0000000000013,-1396.9999999999816,676.0000000000019,-1402.9999999999986,-470.9999999999894,-352.00000000000784,-269.00000000000546,740.0000000000073,-2350.0000000000077,-1499.9999999999902,1559.9999999999948,-1234.0000000000018,,-5043.999999999977
2018.10.04,758.0000000000142,-1353.9999999999886,546.999999999997,-1451.0000000000023,-578.9999999999935,-453.99999999999886,-210.00000000000796,524.0000000000133,-2757.9999999999936,-1507.9999999999982,1641.999999999999,-1229.9999999999977,,-6072.999999999956
2018.10.04,706.0000000000066,-1225.9999999999939,600.0000000000085,-1392.0000000000043,-428.99999999998784,-389.000000000006,-86.00000000001273,574.0000000000078,-2672.9999999999923,-1601.9999999999923,1629.9999999999982,-1236.9999999999993,,-5523.999999999968
2018.10.04,670.9999999999993,-1271.0,652.000000000001,-1508.0000000000093,-421.99999999999704,-448.000000000004,22.999999999996135,383.0,-3021.000000000007,-1777.9999999999907,1700.0000000000016,-1280.0000000000034,,-6299.000000000013
2018.10.04,781.0000000000094,-1295.0000000000018,623.9999999999952,-1506.0000000000073,-583.999999999989,-394.00000000000546,-138.00000000000523,502.00000000000244,-2858.9999999999895,-1817.000000000002,1683.9999999999966,-1305.0000000000007,,-6306.999999999998
2018.10.04,731.9999999999993,-1207.9999999999868,590.0000000000034,-1463.0000000000032,-580.9999999999889,-359.0000000000093,-126.00000000000477,479.0000000000072,-2817.9999999999873,-1825.9999999999943,1651.999999999998,-1265.000000000005,,-6192.999999999971
2018.10.04,570.0000000000039,-1197.0000000000036,620.0000000000045,-1426.000000000005,-576.9999999999982,-463.0000000000023,100.99999999999909,229.99999999999687,-2949.999999999986,-1760.000000000006,1580.999999999999,-1206.000000000007,,-6477.000000000005
2018.10.04,561.0000000000115,-1166.9999999999848,605.000000000004,-1414.9999999999995,-531.9999999999965,-443.0000000000045,92.99999999998931,392.9999999999989,-2936.9999999999895,-1886.9999999999943,1661.0000000000014,-1331.9999999999998,,-6399.999999999965
2018.10.04,565.0000000000155,-1163.9999999999873,615.9999999999997,-1411.0000000000066,-536.9999999999919,-438.00000000000506,99.99999999999432,404.0000000000044,-2922.999999999987,-1964.0000000000102,1661.9999999999968,-1368.0000000000025,,-6457.999999999979
2018.10.04,523.0000000000068,-1131.9999999999998,596.0000000000036,-1383.000000000001,-591.9999999999987,-443.0000000000045,120.9999999999809,407.0000000000018,-2909.000000000006,-1970.9999999999895,1654.9999999999955,-1375.9999999999995,,-6504.000000000009
2018.10.04,473.99999999999665,-1115.9999999999836,512.0000000000005,-1389.0000000000068,-658.9999999999918,-465.0000000000043,67.99999999998363,313.00000000000773,-2995.9999999999986,-1967.999999999992,1646.000000000003,-1348.0000000000048,,-6927.999999999991
2018.10.04,473.99999999999665,-1185.9999999999982,415.9999999999968,-1424.000000000003,-843.9999999999941,-517.0000000000008,-56.000000000011596,217.0000000000005,-3068.000000000004,-1844.0000000000011,1641.0000000000036,-1305.0000000000007,,-7496.000000000016
2018.10.04,382.0000000000157,-1076.9999999999945,435.0000000000023,-1331.9999999999998,-784.9999999999966,-497.000000000003,72.99999999997908,131.99999999999878,-2977.999999999992,-1798.999999999995,1539.0000000000014,-1205.0000000000005,,-7111.999999999984
2018.10.04,229.99999999999687,-902.9999999999872,436.00000000000705,-1358.999999999999,-759.9999999999909,-465.0000000000043,248.99999999999523,-134.99999999999625,-3261.0000000000027,-2065.99999999999,1536.9999999999995,-1168.0000000000023,,-7664.999999999973
2018.10.04,219.99999999999798,-980.0000000000031,353.9999999999992,-1386.0000000000095,-829.9999999999983,-530.0000000000082,151.9999999999868,-52.99999999999194,-3333.9999999999927,-1987.0000000000055,1622.0000000000011,-1244.0000000000007,,-7996.0000000000255
2018.10.04,56.99999999999594,-824.0000000000025,-28.999999999996362,-1314.9999999999995,-1019.999999999996,-525.0000000000088,-159.00000000002024,-211.99999999998997,-3390.000000000004,-1964.9999999999945,1556.9999999999973,-1139.9999999999966,,-8965.000000000016
2018.10.04,107.00000000001265,-932.9999999999839,-27.000000000001023,-1371.0,-1115.9999999999995,-574.0000000000078,-210.00000000000796,-285.99999999998624,-3465.000000000007,-2019.9999999999995,1558.0000000000039,-1178.9999999999968,,-9515.999999999973
2018.10.04,153.00000000000313,-1003.9999999999827,123.00000000000466,-1430.000000000009,-1048.9999999999923,-596.0000000000076,-70.99999999999795,-307.99999999999716,-3553.0000000000064,-2116.999999999991,1585.9999999999986,-1231.9999999999998,,-9497.999999999978
2018.10.04,263.99999999999756,-1107.999999999998,94.0000000000083,-1474.0000000000086,-1189.9999999999977,-600.0000000000006,-237.0000000000232,-443.99999999999994,-3512.999999999988,-2106.9999999999923,1490.999999999998,-1166.0000000000005,,-9990.000000000005
2018.10.04,250.00000000001688,-1113.9999999999927,37.00000000000614,-1533.0000000000066,-1192.9999999999977,-614.9999999999989,-296.0000000000207,-724.9999999999978,-3676.999999999997,-2278.0000000000023,1422.9999999999966,-1121.0000000000052,,-10842.0
2018.10.04,290.00000000001245,-1119.9999999999877,99.00000000000375,-1541.0000000000034,-1186.9999999999977,-592.9999999999991,-259.00000000001455,-722.0000000000005,-3642.9999999999964,-2334.999999999998,1410.0000000000002,-1129.9999999999977,,-10730.99999999998
2018.10.04,252.0000000000078,-1159.9999999999832,73.0000000000075,-1556.0000000000018,-1192.9999999999977,-651.0000000000016,-248.00000000001887,-787.9999999999887,-3739.0000000000036,-2330.00000000001,1417.0000000000016,-1141.0000000000032,,-11063.999999999995
2018.10.04,212.00000000001216,-1074.9999999999816,79.00000000000773,-1517.0000000000016,-1116.9999999999902,-613.000000000008,-195.99999999999795,-716.0000000000056,-3692.0000000000064,-2404.000000000006,1436.0000000000039,-1178.0000000000014,,-10780.999999999975
2018.10.04,171.00000000001003,-1109.9999999999889,126.00000000000477,-1552.0000000000089,-1136.9999999999864,-668.0000000000019,-82.00000000002206,-905.0000000000002,-3837.999999999986,-2449.999999999997,1405.0000000000007,-1160.0000000000055,,-11199.99999999998
2018.10.04,140.0000000000068,-1011.9999999999907,153.99999999999636,-1497.9999999999993,-1006.9999999999908,-614.0000000000034,-16.000000000019554,-900.9999999999962,-3746.999999999989,-2489.0000000000077,1361.0000000000011,-1129.0000000000023,,-10757.999999999993
2018.10.04,168.0000000000126,-1034.999999999986,115.99999999999966,-1514.0000000000043,-1035.9999999999873,-613.000000000008,-96.00000000000364,-875.999999999988,-3749.999999999987,-2485.000000000004,1375.000000000004,-1139.9999999999966,,-10885.999999999949
2018.10.04,158.0000000000137,-1025.9999999999936,161.00000000000136,-1494.0000000000064,-977.9999999999944,-609.9999999999994,-32.00000000001069,-855.9999999999901,-3699.9999999999923,-2503.000000000011,1363.9999999999986,-1155.000000000006,,-10670.99999999999
2018.10.04,158.99999999999804,-1014.9999999999882,219.99999999999886,-1492.0000000000045,-953.9999999999935,-602.0000000000025,46.999999999997044,-767.9999999999909,-3703.9999999999964,-2532.000000000001,1414.000000000004,-1204.000000000005,,-10430.999999999984
2018.10.04,177.00000000000495,-1021.9999999999895,201.00000000000762,-1499.000000000006,-954.9999999999983,-596.0000000000076,-25.000000000005684,-807.9999999999865,-3590.9999999999886,-2398.9999999999955,1395.9999999999973,-1175.0000000000039,,-10295.99999999997
2018.10.05,255.00000000000523,-1027.0000000000002,189.00000000000716,-1496.0000000000084,-990.9999999999997,-621.0000000000049,-87.00000000001751,-740.9999999999917,-3549.0000000000023,-2479.000000000009,1375.9999999999995,-1175.0000000000039,,-10346.000000000025
2018.10.05,182.99999999999983,-1027.0000000000002,189.00000000000716,-1496.0000000000084,-1004.9999999999955,-607.0000000000019,-9.000000000014552,-829.9999999999974,-3661.9999999999873,-2547.0000000000105,1366.0000000000005,-1173.0000000000018,,-10618.000000000011
2018.10.05,185.00000000001293,-1003.9999999999827,230.00000000000398,-1477.0000000000061,-943.9999999999884,-579.0000000000073,42.999999999977945,-817.9999999999854,-3614.9999999999905,-2533.999999999992,1346.0000000000027,-1163.000000000003,,-10329.999999999956
2018.10.05,155.00000000001623,-995.9999999999969,195.0000000000074,-1465.0000000000052,-964.9999999999892,-592.9999999999991,24.00000000000091,-824.0000000000025,-3632.9999999999973,-2509.99999999999,1344.9999999999961,-1158.0000000000034,,-10424.999999999964
2018.10.05,141.00000000001333,-986.9999999999824,165.99999999999682,-1475.000000000004,-977.9999999999944,-594.0000000000057,3.9999999999906777,-834.0000000000014,-3673.9999999999995,-2536.000000000005,1364.999999999994,-1163.9999999999984,,-10565.999999999996
2018.10.05,163.00000000000205,-985.999999999998,197.00000000000273,-1443.0000000000055,-940.9999999999883,-578.0000000000007,18.999999999977035,-807.9999999999865,-3570.999999999991,-2489.0000000000077,1322.9999999999964,-1143.0000000000052,,-10257.000000000004
2018.10.05,141.99999999999767,-981.999999999994,262.00000000000045,-1414.000000000004,-913.9999999999873,-587.0000000000042,125.99999999997635,-780.000000000003,-3527.9999999999977,-2371.9999999999964,1319.0000000000034,-1109.9999999999998,,-9838.00000000001
2018.10.05,123.00000000000644,-1029.9999999999975,323.99999999999807,-1527.0000000000007,-911.9999999999919,-638.0000000000052,232.99999999997567,-836.9999999999989,-3841.0000000000055,-2388.999999999997,1444.000000000001,-1133.0000000000061,,-10183.00000000002
2018.10.05,161.00000000001114,-1000.0000000000009,240.99999999999966,-1574.0000000000086,-972.999999999999,-590.0000000000016,78.99999999997931,-798.9999999999942,-3878.999999999988,-2479.999999999993,1500.9999999999968,-1156.9999999999968,,-10469.999999999996
2018.10.05,185.00000000001293,-1042.9999999999939,268.0000000000007,-1545.0000000000075,-988.9999999999901,-605.0,81.99999999999363,-836.9999999999989,-3803.000000000001,-2635.0000000000095,1422.0000000000011,-1222.000000000001,,-10721.999999999993
2018.10.05,170.00000000000347,-1061.9999999999852,150.00000000000568,-1614.9999999999998,-1117.999999999995,-628.0000000000064,-54.000000000002046,-889.9999999999908,-4005.9999999999986,-2655.999999999992,1493.9999999999952,-1224.9999999999984,,-11439.999999999964
2018.10.05,218.00000000000708,-1081.999999999983,192.99999999999784,-1575.000000000004,-1083.999999999989,-612.0000000000015,-49.000000000006594,-848.0000000000043,-3835.999999999995,-2686.999999999995,1432.9999999999955,-1249.0,,-11177.999999999978
2018.10.05,232.00000000000998,-1083.9999999999961,219.99999999999886,-1591.000000000009,-1056.999999999988,-606.0000000000065,-27.000000000015234,-800.9999999999851,-3858.99999999999,-2733.0000000000077,1468.0000000000027,-1285.0000000000027,,-11122.999999999989
2018.10.05,276.00000000000955,-1095.999999999986,201.99999999999818,-1614.9999999999998,-1110.99999999999,-585.0000000000022,-103.00000000000864,-766.0,-3858.000000000006,-2723.0000000000086,1488.999999999996,-1277.000000000006,,-11167.000000000004
2018.10.05,322.00000000000006,-1100.9999999999964,237.99999999999955,-1599.000000000006,-1090.999999999994,-559.0000000000094,-106.99999999999932,-750.9999999999906,-3754.9999999999973,-2736.000000000005,1444.9999999999964,-1267.000000000007,,-10961.00000000001
2018.10.05,292.00000000000335,-1069.9999999999932,245.9999999999951,-1573.0000000000023,-1141.999999999996,-556.0000000000009,-64.00000000002137,-760.0000000000051,-3726.9999999999914,-2717.999999999998,1425.9999999999939,-1250.0000000000066,,-10896.000000000022
2018.10.05,304.9999999999997,-1113.9999999999927,207.9999999999984,-1589.000000000007,-1168.9999999999968,-580.0000000000027,-127.00000000000955,-743.0000000000048,-3749.0000000000023,-2686.0000000000105,1449.0000000000002,-1268.999999999998,,-11064.000000000027
2018.10.05,322.00000000000006,-1174.9999999999927,180.99999999999739,-1604.0000000000055,-1163.9999999999873,-616.0000000000055,-181.0000000000116,-717.9999999999964,-3764.999999999996,-2614.9999999999895,1470.0000000000045,-1283.000000000001,,-11147.999999999982
2018.10.05,151.00000000001222,-1078.0000000000011,225.9999999999991,-1558.9999999999993,-1117.999999999995,-657.0000000000076,72.00000000000273,-831.000000000004,-3888.0000000000027,-2679.9999999999936,1470.0000000000045,-1290.0000000000023,,-11181.999999999987
2018.10.05,-96.99999999999153,-1069.9999999999932,156.99999999999648,-1640.0000000000082,-1172.9999999999877,-817.000000000001,263.9999999999816,-1235.9999999999927,-4449.999999999998,-2810.0000000000014,1529.999999999998,-1307.999999999998,,-12649.999999999996
2018.10.05,-124.99999999999733,-1044.0000000000005,115.99999999999966,-1678.0000000000018,-1221.999999999994,-818.0000000000076,244.99999999997613,-1278.0000000000014,-4593.999999999987,-2900.999999999998,1575.9999999999995,-1329.0000000000025,,-13052.000000000015
2018.10.05,-31.000000000003247,-1085.999999999987,135.00000000000512,-1633.0000000000066,-1284.9999999999966,-784.0000000000069,159.9999999999966,-1231.0000000000043,-4337.999999999997,-2814.0000000000055,1475.9999999999995,-1280.0000000000034,,-12711.00000000001
2018.10.05,107.99999999999699,-1205.999999999996,117.999999999995,-1626.0000000000052,-1266.999999999996,-782.0000000000049,-20.000000000010232,-1102.000000000003,-4126.000000000007,-2656.999999999998,1439.0000000000014,-1268.0000000000025,,-12389.000000000027
2018.10.05,58.000000000002494,-1238.99999999999,141.9999999999959,-1602.0000000000034,-1298.9999999999923,-842.0000000000094,67.99999999998363,-1133.0000000000061,-4135.0,-2532.000000000001,1425.9999999999939,-1251.9999999999975,,-12340.000000000022
2018.10.05,26.0000000000149,-1198.9999999999945,183.00000000000693,-1582.0000000000057,-1247.0,-831.9999999999994,156.99999999998226,-1164.9999999999939,-4126.000000000007,-2588.999999999997,1405.0000000000007,-1251.9999999999975,,-12220.99999999999
2018.10.05,34.000000000000696,-1185.9999999999982,179.00000000000205,-1590.0000000000025,-1227.9999999999945,-818.0000000000076,143.99999999997704,-1133.0000000000061,-4136.000000000006,-2665.0000000000064,1427.999999999996,-1292.0000000000043,,-12263.000000000051
2018.10.05,-0.9999999999843467,-1213.9999999999818,218.00000000000352,-1567.0000000000073,-1279.9999999999868,-861.0000000000007,233.99999999998045,-1126.999999999989,-4125.000000000001,-2639.9999999999977,1427.999999999996,-1324.000000000003,,-12258.999999999973
2018.10.05,7.0000000000014495,-1180.9999999999877,185.00000000000227,-1538.0000000000061,-1230.9999999999945,-831.9999999999994,185.00000000000227,-1092.9999999999884,-4037.999999999986,-2584.0000000000086,1397.0000000000039,-1288.0000000000002,,-12010.999999999962
2018.10.05,-44.99999999998394,-1102.9999999999873,183.9999999999975,-1475.000000000004,-1189.9999999999977,-808.0000000000088,240.99999999998545,-1150.999999999991,-3946.000000000005,-2547.0000000000105,1322.9999999999964,-1216.000000000006,,-11733.000000000015
2018.10.05,-136.00000000000279,-1092.9999999999884,192.00000000000728,-1511.0000000000068,-1195.999999999998,-857.0000000000077,352.9999999999802,-1185.9999999999982,-4170.000000000007,-2618.000000000009,1415.999999999995,-1278.9999999999968,,-12085.000000000033
2018.10.05,-79.99999999999119,-1110.9999999999952,162.9999999999967,-1558.9999999999993,-1263.999999999996,-872.0000000000061,241.99999999999022,-895.0000000000014,-4058.9999999999905,-2347.9999999999945,1593.9999999999955,-1434.000000000002,,-11622.999999999995
2018.10.05,-448.000000000004,-836.9999999999989,73.99999999999807,-1416.0000000000061,-1148.9999999999868,-875.0000000000035,550.9999999999877,-1507.9999999999982,-4360.999999999993,-2800.0000000000023,1337.9999999999948,-1217.0000000000014,,-12648.000000000013
2018.10.05,-571.9999999999948,-830.9999999999818,106.00000000000875,-1441.0000000000034,-1075.9999999999934,-956.0000000000013,735.99999999999,-1723.9999999999923,-4597.999999999991,-2882.000000000007,1337.9999999999948,-1231.0000000000043,,-13130.999999999975
2018.10.05,-492.9999999999879,-797.9999999999876,13.999999999995794,-1446.0000000000027,-1098.9999999999895,-874.0000000000081,524.0000000000009,-1739.999999999986,-4508.000000000001,-2957.999999999994,1283.000000000001,-1185.0000000000027,,-13279.999999999964
2018.10.05,-387.99999999998835,-898.9999999999832,94.99999999999886,-1517.0000000000016,-1054.9999999999927,-882.000000000005,509.9999999999909,-1838.0000000000064,-4540.999999999995,-2923.999999999993,1244.0000000000007,-1117.9999999999968,,-13312.999999999973
2018.10.05,-312.9999999999855,-1082.9999999999895,48.00000000000182,-1618.0000000000084,-1173.9999999999923,-975.0000000000036,370.9999999999809,-1550.9999999999914,-4702.999999999991,-3143.9999999999914,1481.9999999999945,-1453.0000000000043,,-14112.99999999998
2018.10.05,-512.0000000000014,-1054.9999999999836,-24.00000000000091,-1633.0000000000066,-1288.9999999999873,-1083.0000000000007,500.0,-1899.0000000000061,-5021.999999999993,-3157.999999999994,1449.0000000000002,-1397.0000000000039,,-15122.999999999978
2018.10.05,-614.0000000000034,-1157.9999999999923,-126.00000000000477,-1774.0000000000089,-1381.999999999991,-1233.0000000000064,478.999999999985,-2177.999999999991,-5533.9999999999945,-3420.000000000001,1551.9999999999977,-1517.0000000000016,,-16905.00000000001
2018.10.05,-571.9999999999948,-1052.9999999999927,-27.999999999991587,-1782.000000000006,-1247.9999999999905,-1122.0000000000007,562.9999999999882,-2066.999999999997,-5495.99999999999,-3573.000000000004,1593.0,-1544.000000000001,,-16328.999999999978
2018.10.05,-554.9999999999944,-1025.9999999999936,-60.99999999999284,-1782.000000000006,-1259.999999999991,-1092.000000000004,500.99999999997635,-2000.9999999999861,-5476.999999999998,-3672.0000000000086,1619.9999999999993,-1592.0000000000045,,-16397.0
2018.10.05,-601.9999999999915,-1012.9999999999973,-114.99999999999488,-1801.0000000000082,-1314.9999999999977,-1114.9999999999993,481.9999999999993,-2177.999999999991,-5587.999999999993,-3729.0000000000045,1578.999999999997,-1551.0000000000023,,-16945.999999999985
2018.10.05,-670.9999999999993,-951.9999999999973,31.999999999996476,-1780.0000000000039,-1182.9999999999927,-1111.0000000000064,751.9999999999811,-2205.999999999997,-5630.999999999986,-3797.000000000006,1588.0000000000005,-1568.9999999999982,,-16528.000000000007
2018.10.05,-659.999999999994,-957.9999999999922,82.00000000000784,-1774.0000000000089,-1136.9999999999864,-1112.0000000000018,805.9999999999832,-2159.0,-5600.000000000005,-3757.0000000000105,1593.9999999999955,-1572.0000000000068,,-16247.000000000018
2018.10.05,-712.9999999999859,-897.9999999999987,31.999999999996476,-1732.0000000000002,-1096.999999999994,-1101.0000000000075,798.9999999999782,-2176.0,-5563.000000000007,-3737.999999999997,1570.0000000000048,-1550.0000000000068,,-16167.000000000016
2018.10.05,-774.9999999999924,-854.9999999999835,10.99999999999568,-1706.0000000000075,-1152.9999999999916,-1109.0000000000043,841.9999999999845,-2251.9999999999873,-5581.999999999998,-3717.999999999999,1536.9999999999995,-1507.0000000000027,,-16266.999999999989
2018.10.05,-763.9999999999869,-932.9999999999839,-36.99999999999193,-1761.0000000000014,-1213.9999999999986,-1162.0000000000075,768.999999999977,-2339.0000000000023,-5708.000000000002,-3658.99999999999,1556.0000000000018,-1488.0000000000005,,-16739.999999999985
2018.10.05,-751.9999999999972,-954.9999999999948,-25.99999999999625,-1735.0000000000089,-1280.9999999999918,-1173.0000000000018,769.9999999999818,-2377.9999999999914,-5618.999999999996,-3540.00000000001,1490.999999999998,-1419.0000000000036,,-16617.000000000015
2018.10.05,-766.9999999999843,-922.0000000000006,-9.000000000000341,-1741.0000000000036,-1209.9999999999936,-1178.0000000000014,832.9999999999984,-2218.999999999993,-5601.999999999995,-3749.0000000000023,1561.9999999999968,-1624.9999999999986,,-16626.99999999998
