date,GBPUSD,EURUSD,USDCAD,AUDUSD,EURCHF,CHFJPY,AUDCHF,NZDCHF,EURGBP,GBPJPY,GBPCAD,GBPAUD,EURJPY,EURCAD,EURAUD,EURNZD,CADJPY,AUDCAD,NZDCAD,AUDNZD,empty,sum
2018.02.26,-139.9999999999846,41.000000000002146,-126.99999999998823,26.000000000003798,-66.00000000001049,-22.999999999996135,-37.00000000000925,165.00000000000404,-46.00000000000159,336.00000000001273,26.999999999999247,87.99999999999919,115.0000000000091,-55.000000000005045,45.99999999999049,78.00000000000028,-6.000000000000227,-114.00000000000298,-112.000000000001,8.999999999992347,,205.00000000001387
2018.02.26,-197.99999999998707,49.00000000001015,-113.99999999999189,36.0000000000027,-119.00000000000244,-39.99999999999204,-82.00000000000429,160.00000000000458,-88.99999999999464,385.9999999999957,113.99999999999189,191.00000000000784,115.0000000000091,-38.0000000000047,64.99999999998174,-39.999999999995595,7.999999999995566,-114.99999999999844,-46.999999999997044,100.99999999999554,,343.0000000000266
2018.02.26,-158.99999999999804,19.00000000001345,-126.0000000000039,30.000000000007798,-97.9999999999981,6.000000000000227,-28.000000000005798,65.99999999999939,-87.00000000000374,420.0000000000159,29.00000000001235,123.00000000000644,155.00000000000114,-100.0000000000112,22.999999999995246,-228.00000000000597,-41.00000000001103,-121.00000000000443,12.999999999996348,180.0000000000024,,76.0000000000084
2018.02.26,-191.99999999999218,46.0000000000127,-174.99999999999181,-4.999999999999449,-154.0000000000097,12.000000000000455,-53.00000000000304,89.00000000000574,-90.99999999999665,344.99999999999886,2.0000000000131024,83.9999999999952,87.99999999999386,-119.00000000000244,-13.000000000018552,-252.0000000000078,-10.000000000005116,-118.00000000000699,11.00000000000545,180.99999999998673,,-324.0000000000217
2018.02.26,-225.99999999999287,100.99999999999554,-237.99999999998266,-69.9999999999923,-45.000000000006146,21.000000000000796,47.9999999999925,68.00000000000139,-75.9999999999983,459.0000000000032,-43.999999999999595,-18.999999999991246,212.99999999999386,-129.00000000000134,-74.0000000000185,-144.0000000000108,-93.00000000000352,-84.0000000000063,-53.999999999998494,64.99999999998174,,-321.000000000033
2018.02.26,-148.99999999999915,32.0000000000098,-286.99999999999284,-95.99999999999609,-32.0000000000098,-54.99999999999261,118.99999999999133,21.00000000000435,-73.99999999999629,579.0000000000077,-207.00000000000162,-178.99999999999582,318.9999999999884,-273.0000000000121,-215.00000000000963,-234.00000000000088,-240.0000000000091,-89.00000000000574,-90.0000000000012,30.999999999981043,,-1119.00000000004
2018.02.26,-165.9999999999995,49.00000000001015,-242.99999999999324,-41.9999999999976,-59.000000000009045,-167.99999999999216,41.9999999999976,104.00000000000409,-73.99999999999629,685.0000000000023,-123.00000000000644,-29.999999999996696,414.0000000000157,-200.00000000000017,-84.0000000000174,-68.00000000000139,-260.0000000000051,-126.0000000000039,-136.99999999999824,11.999999999989797,,-473.9999999999975
2018.02.26,-63.99999999999739,-45.99999999999049,-153.9999999999875,38.0000000000047,14.000000000002899,-165.99999999999682,69.9999999999923,85.00000000000173,-78.00000000000028,784.0000000000202,-129.00000000000134,21.00000000000435,495.00000000000455,-214.00000000000307,-45.000000000006146,-12.000000000012001,-317.0000000000073,-156.00000000000057,-177.00000000000495,-1.0000000000065512,,-51.99999999998376
2018.02.26,107.00000000001265,-174.99999999999181,-48.000000000003595,190.00000000000128,8.999999999992347,-172.9999999999876,0.999999999995449,175.99999999999838,-63.00000000000195,757.000000000005,-197.00000000000273,146.00000000000168,491.9999999999902,-248.00000000000378,92.99999999998754,204.00000000000418,-334.0000000000032,-267.00000000000614,-314.0000000000032,-39.00000000001125,,316.9999999999735
2018.02.26,148.00000000001478,-221.00000000000452,-24.000000000001798,253.0000000000032,-8.999999999992347,-208.99999999998897,-37.00000000000925,209.00000000000364,-70.0000000000034,793.0000000000064,-215.99999999999397,234.00000000000088,514.00000000001,-269.00000000000813,156.99999999998494,259.9999999999936,-362.000000000009,-322.00000000000006,-358.9999999999982,-31.000000000003247,,439.0000000000045
2018.02.26,157.00000000000713,-207.99999999998596,7.0000000000014495,247.00000000000833,-18.0000000000069,-170.99999999999227,-45.000000000006146,246.99999999999721,-56.99999999999594,707.9999999999984,-180.0000000000024,204.99999999998852,461.00000000001273,-217.0000000000005,155.99999999997837,336.00000000000296,-298.0000000000018,-290.00000000000136,-371.99999999999454,-79.00000000000685,,589.0000000000005
2018.02.26,101.00000000001774,-171.99999999999437,0.0,219.00000000000253,-26.999999999999247,-188.99999999999295,-52.000000000007596,243.00000000000432,-63.99999999999739,733.0000000000041,-123.99999999999079,215.00000000000963,471.00000000000364,-180.0000000000024,152.99999999998093,316.99999999998954,-284.000000000006,-263.99999999999756,-338.00000000000495,-68.00000000000139,,690.000000000018
2018.02.26,114.0000000000141,-167.9999999999904,-20.999999999982144,191.00000000000784,-45.000000000006146,-180.99999999999739,-37.00000000000925,257.0000000000072,-53.00000000000304,680.0000000000068,-168.99999999999693,136.00000000000279,443.00000000001205,-205.00000000001074,101.99999999997988,324.9999999999975,-280.00000000000114,-243.99999999999977,-356.9999999999962,-112.000000000001,,376.000000000034
2018.02.26,145.00000000001734,-191.99999999999218,0.0,241.00000000000233,-56.000000000011596,-149.0000000000009,-79.00000000000685,301.0000000000068,-51.000000000001044,621.0000000000093,-174.99999999999181,211.00000000000563,390.99999999999113,-206.00000000001728,171.99999999999437,412.9999999999967,-246.9999999999999,-292.00000000000335,-407.0000000000018,-117.00000000001154,,523.999999999985
2018.02.26,214.00000000000307,-234.99999999998522,35.00000000000725,278.00000000000045,-49.99999999999449,-53.999999999987836,-82.99999999999974,306.00000000000625,-38.0000000000047,483.0000000000041,-212.99999999999653,208.99999999999253,289.99999999999204,-215.00000000000963,190.99999999998562,434.000000000001,-187.00000000001182,-309.99999999999915,-424.9999999999976,-119.00000000000244,,511.0000000000031
2018.02.26,311.0000000000168,-348.9999999999993,111.00000000001664,387.99999999999943,-69.9999999999923,-129.99999999999545,-131.00000000000333,331.0000000000035,-58.000000000002494,592.000000000013,-231.0000000000034,333.0000000000055,353.00000000000864,-270.00000000001467,264.9999999999819,466.9999999999952,-258.0000000000098,-390.0000000000015,-473.0000000000012,-86.0000000000083,,705.0000000000092
2018.02.26,320.00000000000915,-329.00000000000153,103.00000000000864,377.0000000000051,-36.999999999998145,-109.99999999999943,-111.00000000000554,287.0000000000039,-39.00000000000014,573.0000000000075,-255.99999999998957,296.0000000000074,368.9999999999998,-253.99999999999866,267.99999999997937,410.99999999998363,-259.00000000000034,-380.00000000000256,-434.000000000001,-52.000000000007596,,742.9999999999998
2018.02.26,376.00000000002075,-371.99999999999454,90.00000000001229,380.00000000000256,-34.000000000000696,-91.99999999999875,-82.99999999999974,262.00000000000665,-34.99999999999615,550.0000000000114,-340.9999999999913,229.99999999999687,356.9999999999993,-327.00000000001063,218.99999999999142,361.9999999999957,-289.0000000000015,-397.0000000000029,-446.9999999999974,-52.000000000007596,,357.00000000003524
2018.02.26,316.0000000000052,-268.9999999999859,79.00000000000685,457.0000000000074,19.999999999997797,-223.99999999998954,-186.00000000000838,362.00000000000676,0.999999999995449,730.9999999999945,-282.9999999999888,479.99999999999153,569.9999999999932,-208.00000000000819,503.99999999999335,665.0000000000044,-362.99999999999955,-502.9999999999979,-549.9999999999949,-53.00000000001415,,1546.0000000000095
2018.02.26,408.00000000000836,-266.999999999995,9.000000000014552,431.99999999999903,-78.00000000000028,-177.99999999999727,-228.00000000000597,421.0000000000047,60.00000000000449,450.00000000001705,-496.00000000000756,306.9999999999906,406.0000000000059,-293.0000000000099,454.9999999999832,668.9999999999862,-303.0000000000115,-524.0000000000023,-600.999999999996,-86.0000000000083,,562.9999999999807
2018.02.26,547.0000000000086,-302.0000000000023,14.000000000002899,459.0000000000094,-85.00000000000173,-64.99999999999773,-233.00000000000543,396.00000000000745,122.99999999999534,186.00000000000705,-663.999999999998,191.00000000000784,268.0000000000007,-329.00000000000153,462.9999999999912,597.9999999999874,-236.0000000000042,-557.0000000000075,-583.0000000000002,-36.999999999998145,,154.0000000000014
2018.02.26,548.0000000000151,-263.99999999999756,-32.999999999994145,325.00000000000864,-130.0000000000079,-110.99999999999,-162.0000000000066,402.00000000000233,148.99999999999915,138.00000000000523,-733.0000000000059,-112.000000000001,269.00000000000546,-337.0000000000095,245.99999999999068,546.9999999999864,-240.99999999999966,-426.00000000000415,-563.0000000000024,-152.0000000000188,,-640.0000000000246
2018.02.26,590.0000000000016,-397.0000000000029,-39.999999999995595,314.0000000000032,-151.9999999999966,-31.999999999996476,-84.0000000000063,348.00000000000387,80.99999999999774,120.00000000000455,-794.0000000000058,-195.00000000001182,150.00000000000568,-513.0000000000078,53.999999999998494,381.99999999999346,-260.0000000000051,-411.0000000000058,-573.0000000000013,-179.00000000001802,,-1591.0000000000448
2018.02.26,737.0000000000099,-499.9999999999893,35.00000000000725,348.00000000000387,-167.00000000000603,1.0000000000047748,-64.0000000000085,329.999999999997,100.00000000000009,30.000000000001137,-878.000000000001,-295.0000000000008,96.00000000000364,-551.9999999999969,-8.000000000008,316.99999999998954,-246.00000000000932,-397.99999999999835,-554.9999999999944,-178.00000000001148,,-1847.0000000000068
2018.02.26,641.0000000000027,-452.99999999999227,46.0000000000127,340.00000000000693,-185.99999999999727,-44.999999999987494,-96.00000000000719,334.00000000000097,70.99999999999883,114.00000000000432,-736.0000000000033,-194.0000000000053,129.99999999999545,-479.0000000000072,36.999999999998145,302.9999999999866,-228.00000000000864,-380.999999999998,-507.9999999999973,-139.00000000000023,,-1428.9999999999975
2018.02.26,703.0000000000092,-527.9999999999951,-14.000000000002899,338.00000000000495,-245.99999999999068,-55.999999999997385,-87.00000000000374,351.99999999999676,58.99999999999794,72.00000000000273,-899.0000000000053,-278.00000000000045,72.00000000000273,-646.9999999999976,-62.000000000006494,256.99999999999613,-282.0000000000107,-422.00000000000017,-583.9999999999957,-181.00000000000892,,-2433.0000000000055
2018.02.26,682.0000000000048,-455.99999999998977,-31.999999999987594,270.0000000000036,-221.00000000000452,-56.99999999998795,-52.000000000007596,328.0000000000061,95.00000000000064,39.99999999999204,-902.0000000000028,-402.9999999999978,104.00000000001342,-581.0000000000093,-108.00000000001918,234.00000000000088,-266.00000000000534,-353.0000000000033,-531.0000000000036,-194.0000000000053,,-2403.0000000000027
2018.02.26,611.000000000006,-425.99999999999307,-119.99999999998678,206.00000000000617,-307.99999999999716,-24.999999999991473,-63.00000000000195,353.0000000000033,68.99999999999685,-64.99999999999773,-929.000000000002,-456.9999999999963,-32.00000000001069,-651.0000000000016,-198.00000000000927,170.00000000000347,-218.00000000000352,-341.0000000000024,-539.0000000000006,-216.00000000001617,,-3178.999999999995
2018.02.26,433.0000000000167,-354.9999999999942,-211.99999999998997,187.9999999999993,-256.99999999999613,-54.99999999999261,-59.000000000009045,341.99999999999784,12.000000000000899,138.00000000000523,-838.9999999999898,-270.99999999999903,61.00000000000705,-678.0000000000008,-142.0000000000199,217.99999999998488,-291.000000000011,-392.9999999999989,-578.9999999999961,-208.00000000000819,,-2946.9999999999936
2018.02.26,466.00000000001086,-276.9999999999939,-412.9999999999967,78.00000000000028,-234.00000000000088,-95.99999999998943,13.999999999991797,290.9999999999968,87.99999999999919,82.99999999999841,-1163.9999999999873,-567.9999999999907,126.00000000000477,-821.000000000005,-261.0000000000001,129.00000000000134,-413.0000000000109,-408.00000000000836,-616.0000000000055,-234.00000000000088,,-4229.999999999985
2018.02.26,502.00000000000244,-295.99999999998516,-451.99999999998573,56.0000000000005,-300.99999999999574,-140.00000000000057,0.0,309.0000000000037,94.00000000000519,42.00000000000159,-1263.9999999999984,-661.0000000000005,103.00000000000864,-892.0000000000039,-333.0000000000055,79.99999999999119,-436.00000000000705,-408.00000000000836,-627.9999999999952,-253.99999999999866,,-4878.999999999972
2018.02.26,51.000000000001044,-116.99999999998934,-463.9999999999977,9.999999999998899,-337.99999999999386,-245.9999999999951,-87.99999999999919,426.9999999999996,-56.0000000000005,399.0000000000009,-706.999999999991,-191.99999999999218,187.00000000001182,-680.9999999999983,-193.00000000002092,306.9999999999906,-375.0,-365.0000000000042,-632.9999999999947,-302.0000000000023,,-3375.9999999999764
2018.02.26,-291.9999999999812,-95.00000000000064,-602.999999999998,-20.999999999993246,-381.0000000000091,-192.99999999999784,-100.00000000000009,358.9999999999982,-256.99999999999613,611.0000000000184,-468.9999999999861,177.99999999998929,75.9999999999934,-828.0000000000065,-227.00000000002163,75.99999999998718,-381.0000000000002,-436.9999999999985,-592.0000000000036,-175.00000000001404,,-3751.000000000021
2018.02.26,-244.9999999999841,-102.99999999998644,-550.9999999999903,81.00000000000884,-295.0000000000008,-134.00000000000034,-128.00000000000588,375.9999999999986,-224.000000000002,600.9999999999991,-451.0000000000014,358.9999999999982,104.99999999998977,-774.000000000008,-30.0000000000189,251.99999999998556,-370.00000000000455,-524.9999999999977,-656.000000000001,-156.00000000000057,,-2868.000000000022
2018.02.26,-383.0,-17.000000000000348,-670.9999999999993,-48.99999999999905,-340.9999999999913,-340.999999999994,-87.99999999999919,372.0000000000057,-258.0000000000027,854.0000000000134,-445.99999999999085,221.00000000000452,283.00000000001546,-812.999999999997,-188.00000000001037,173.00000000000094,-509.00000000000034,-452.00000000000796,-634.9999999999967,-213.00000000001873,,-3500.999999999968
2018.02.26,-462.9999999999912,33.00000000001635,-751.9999999999972,18.0000000000069,-283.000000000011,-250.0,-150.00000000000568,422.00000000000017,-275.000000000003,841.0000000000082,-456.9999999999963,473.99999999999665,252.00000000000955,-846.0000000000134,12.999999999996348,363.9999999999866,-502.00000000000955,-597.0000000000031,-766.9999999999955,-205.00000000001074,,-3130.0000000000164
2018.02.26,-339.0000000000004,-174.99999999999181,-601.9999999999915,82.99999999999974,-391.9999999999924,-181.99999999998795,-156.00000000000057,412.00000000000125,-343.9999999999999,730.0000000000182,-407.99999999998613,468.00000000000176,46.999999999997044,-927.9999999999955,-121.00000000001555,185.99999999999727,-417.0000000000016,-563.9999999999978,-710.999999999995,-173.00000000000094,,-3585.999999999942
2018.02.26,-365.99999999999966,-19.999999999997797,-626.9999999999998,40.00000000000669,-431.0000000000036,-319.9999999999932,-231.0000000000034,470.9999999999992,-251.99999999999667,703.000000000003,-408.9999999999927,404.9999999999887,164.0000000000157,-764.0000000000091,-11.00000000000545,276.9999999999939,-404.0000000000106,-531.0000000000036,-661.9999999999959,-158.0000000000137,,-3126.0000000000177
2018.02.26,-313.99999999999204,-66.99999999999484,-651.9999999999859,33.000000000005244,-418.9999999999916,-171.99999999999704,-187.00000000000384,392.9999999999989,-253.0000000000032,528.00000000002,-506.9999999999908,326.0000000000041,10.99999999999568,-851.0000000000017,-85.00000000000173,104.99999999999955,-350.9999999999991,-536.9999999999986,-619.9999999999983,-100.0000000000112,,-3718.9999999999463
2018.02.26,-214.99999999998744,-146.99999999998602,-553.9999999999878,80.00000000000229,-405.9999999999952,-128.0000000000001,-177.00000000000495,370.9999999999991,-244.99999999999523,474.9999999999943,-496.00000000000756,303.0000000000088,-26.999999999986812,-833.000000000017,-93.00000000000975,85.00000000000173,-317.0000000000073,-524.0000000000023,-592.9999999999991,-92.00000000000318,,-3532.9999999999836
2018.02.26,-246.99999999999721,-127.99999999999478,-570.9999999999882,72.0000000000054,-412.9999999999967,-123.99999999999523,-187.00000000000384,370.00000000000364,-253.0000000000032,468.9999999999941,-479.0000000000072,326.0000000000041,-40.99999999999682,-828.0000000000065,-84.0000000000174,71.99999999998319,-306.0000000000116,-528.0000000000063,-592.0000000000036,-87.00000000001484,,-3559.000000000053
2018.02.26,-226.99999999999943,-170.99999999998784,-540.9999999999915,104.00000000000409,-415.99999999999415,-155.9999999999917,-194.0000000000053,385.99999999999744,-271.9999999999945,540.9999999999968,-462.0000000000068,377.0000000000051,-8.000000000009777,-846.0000000000134,-77.00000000001594,103.99999999999298,-338.0000000000081,-544.0,-622.0000000000003,-100.0000000000112,,-3462.0000000000337
2018.02.26,-235.99999999999176,-170.99999999998784,-487.99999999999955,121.00000000000443,-426.9999999999996,-152.9999999999916,-214.00000000000307,411.0000000000058,-276.9999999999939,532.0000000000107,-377.0000000000051,425.99999999999307,-24.00000000000091,-781.0000000000094,-39.00000000001125,148.99999999999915,-291.000000000011,-521.0000000000048,-605.9999999999955,-107.00000000001265,,-3073.0000000000045
2018.02.26,-204.99999999998852,-187.99999999998818,-468.9999999999861,120.00000000000898,-461.0000000000003,-241.99999999999022,-226.99999999999943,443.0000000000045,-270.99999999999903,593.9999999999941,-387.000000000004,385.99999999999744,43.00000000000637,-778.9999999999964,-60.99999999999994,174.99999999999181,-332.00000000000784,-509.00000000000387,-617.9999999999964,-138.0000000000159,,-3125.999999999973
2018.02.26,-186.99999999998164,-198.99999999999363,-453.99999999999886,137.00000000000932,-456.9999999999963,-210.99999999999852,-231.99999999999886,431.0000000000036,-265.99999999999955,551.9999999999925,-387.99999999998835,404.0000000000044,9.000000000014552,-777.0000000000055,-45.000000000006146,160.00000000000458,-310.0000000000023,-517.0000000000008,-609.9999999999994,-117.00000000001154,,-3076.9999999999523
2018.02.26,-227.99999999998377,-201.99999999999108,-455.99999999998977,121.00000000000443,-506.9999999999908,-259.00000000000034,-250.00000000000577,446.9999999999974,-292.00000000000335,596.0000000000036,-339.0000000000004,418.9999999999916,8.000000000009777,-775.9999999999989,-76.0000000000094,123.99999999999079,-311.00000000000705,-496.00000000000756,-592.0000000000036,-116.00000000000499,,-3184.999999999999
2018.02.26,-205.99999999999508,-239.99999999999577,-417.0000000000007,148.99999999999915,-533.99999999999,-259.9999999999909,-270.0000000000036,475.99999999999864,-305.99999999999517,585.000000000008,-319.0000000000026,451.0000000000014,-21.99999999999136,-781.0000000000094,-71.00000000002105,158.99999999999804,-295.0000000000017,-506.0000000000064,-617.0000000000009,-134.00000000001188,,-3158.000000000012
2018.02.26,-205.99999999999508,-236.99999999999832,-446.9999999999974,134.0000000000008,-502.00000000000244,-268.99999999999125,-259.0000000000092,336.00000000000296,-283.99999999999534,611.9999999999948,-343.99999999998875,543.999999999989,12.000000000000455,-816.0000000000167,10.999999999983245,-123.00000000000644,-367.00000000000443,-521.0000000000048,-461.99999999999574,61.99999999998429,,-3126.000000000051
2018.02.27,-222.99999999999542,-217.0000000000005,-473.99999999999665,124.00000000000189,-507.9999999999973,-218.9999999999941,-243.00000000000432,314.0000000000032,-300.0000000000003,521.000000000015,-370.999999999988,421.0000000000047,-64.99999999999773,-819.0000000000142,-77.00000000001594,-160.00000000000458,-297.00000000001125,-504.00000000000443,-431.99999999999903,59.99999999999339,,-3469.000000000006
2018.02.27,-226.99999999999943,-194.99999999998963,-505.99999999998425,103.00000000000864,-499.000000000005,-209.99999999999375,-229.00000000000142,295.0000000000008,-288.9999999999948,490.0000000000091,-414.9999999999876,387.000000000004,-72.00000000000273,-829.0000000000131,-103.00000000000864,-236.00000000001398,-292.0000000000016,-514.0000000000033,-417.0000000000007,102.00000000000209,,-3655.999999999975
2018.02.27,-270.99999999999903,-163.00000000000205,-568.9999999999973,77.00000000000485,-537.0000000000097,-191.99999999999307,-250.00000000000577,287.0000000000039,-290.9999999999968,460.00000000000796,-446.9999999999974,373.00000000000114,-109.00000000000887,-873.0000000000126,-118.00000000001809,-300.99999999999574,-288.0000000000109,-530.0000000000082,-400.00000000000034,137.9999999999937,,-4004.0000000000446
2018.02.27,-232.99999999999432,-221.00000000000452,-542.9999999999824,109.00000000000354,-584.9999999999911,-167.99999999999216,-275.99999999999847,285.00000000000193,-310.9999999999946,401.00000000001046,-455.0000000000054,394.00000000000546,-189.99999999999773,-911.0000000000174,-128.000000000017,-399.00000000001603,-260.0000000000051,-547.0000000000086,-377.0000000000051,188.9999999999947,,-4226.000000000014
2018.02.27,-166.99999999998383,-314.99999999999864,-500.9999999999959,167.00000000000603,-539.0000000000006,-180.99999999999739,-241.00000000000233,226.00000000000398,-334.00000000000097,527.0000000000152,-480.99999999999807,441.0000000000025,-117.999999999995,-974.0000000000082,-132.00000000002098,-482.00000000000466,-343.0000000000035,-589.0000000000061,-375.0000000000031,242.99999999999324,,-4167.999999999997
2018.02.27,-190.99999999998562,-385.99999999999744,-449.9999999999948,250.00000000000577,-540.0000000000072,-213.99999999999864,-282.0000000000045,223.00000000000654,-400.9999999999958,674.0000000000066,-380.9999999999869,662.000000000007,-85.00000000000796,-1007.0000000000024,-55.000000000005045,-483.99999999999557,-377.00000000000955,-658.9999999999985,-385.99999999999744,298.9999999999826,,-3789.9999999999786
2018.02.27,-245.99999999999068,-349.99999999998363,-479.99999999999153,179.00000000000693,-540.9999999999915,-192.99999999999784,-235.00000000000742,199.00000000000472,-409.0000000000038,659.9999999999966,-354.9999999999942,567.9999999999907,-108.00000000000409,-998.00000000001,-152.0000000000188,-541.9999999999981,-356.00000000000875,-587.0000000000042,-348.9999999999993,268.0000000000016,,-4027.0000000000027
2018.02.27,-182.99999999999983,-427.99999999998397,-408.9999999999927,220.00000000000907,-561.0000000000115,-0.999999999990564,-237.00000000000944,202.9999999999976,-426.00000000000415,413.0000000000109,-330.0000000000081,583.0000000000002,-353.00000000000864,-1005.9999999999958,-169.00000000001913,-563.0000000000024,-205.0000000000125,-585.0000000000022,-344.99999999999534,266.999999999995,,-4115.000000000024
2018.02.27,-156.99999999998494,-468.00000000000176,-412.9999999999967,220.00000000000907,-540.9999999999915,-27.000000000001023,-203.00000000000873,172.00000000000549,-436.9999999999985,491.00000000001387,-370.999999999988,546.000000000002,-306.0000000000116,-1063.0000000000139,-221.00000000000452,-605.9999999999955,-268.0000000000007,-589.0000000000061,-353.0000000000033,266.999999999995,,-4326.999999999982
2018.02.27,-195.9999999999962,-429.99999999999704,-461.0000000000003,155.00000000000514,-548.9999999999995,-61.99999999999761,-170.00000000000347,199.00000000000472,-436.00000000000307,520.0000000000102,-387.99999999998835,449.9999999999948,-271.99999999999136,-1075.0000000000036,-303.0000000000088,-560.0000000000049,-293.00000000000637,-546.000000000002,-387.000000000004,177.99999999998929,,-4626.000000000002
2018.02.27,-229.99999999999687,-364.9999999999931,-517.9999999999962,67.00000000000594,-530.0000000000082,-170.99999999999227,-113.00000000000753,85.99999999999719,-409.99999999999926,647.0000000000198,-426.9999999999996,293.99999999999426,-122.99999999999045,-1060.0000000000164,-394.00000000000546,-807.0000000000022,-383.0000000000098,-480.0000000000027,-246.00000000000176,268.9999999999859,,-4894.000000000018
2018.02.27,-307.99999999999716,-314.99999999999864,-551.9999999999969,31.000000000003247,-548.9999999999995,-158.00000000000125,-121.99999999999989,92.00000000000318,-422.00000000000017,623.0000000000189,-375.9999999999986,309.99999999998806,-163.99999999998727,-1042.0000000000095,-402.0000000000135,-828.0000000000065,-345.0000000000131,-463.0000000000023,-222.99999999999542,275.9999999999874,,-4937.000000000019
2018.02.27,-315.99999999998295,-304.9999999999997,-560.9999999999893,56.0000000000005,-567.0000000000064,-207.9999999999984,-164.00000000000858,97.9999999999981,-422.9999999999956,664.0000000000157,-374.0000000000077,378.999999999996,-121.99999999998568,-1039.000000000012,-341.00000000001353,-835.000000000008,-367.00000000000443,-494.00000000000557,-214.99999999999852,326.9999999999884,,-4807.000000000017
2018.02.27,-298.9999999999826,-310.9999999999946,-546.9999999999864,81.00000000000884,-563.0000000000024,-201.99999999999818,-178.00000000000037,133.00000000000534,-415.99999999999415,656.0000000000059,-380.00000000000256,411.99999999999017,-125.0,-1031.000000000004,-300.00000000001137,-743.0000000000048,-364.0000000000043,-519.0000000000028,-261.99999999999557,292.9999999999877,,-4664.999999999985
2018.02.27,-278.9999999999848,-329.00000000000153,-533.99999999999,74.00000000000739,-543.0000000000045,-215.99999999999397,-147.00000000000824,136.00000000000279,-417.99999999999613,698.0000000000075,-385.99999999999744,368.9999999999971,-85.99999999998431,-1039.000000000012,-340.00000000000693,-702.0000000000026,-394.00000000000546,-499.000000000005,-288.9999999999948,239.99999999999577,,-4683.999999999977
2018.02.27,-237.99999999998266,-329.99999999998585,-509.99999999998823,79.00000000000685,-524.9999999999977,-217.9999999999893,-142.00000000000878,141.00000000000225,-390.99999999999693,682.9999999999927,-404.9999999999887,330.9999999999924,-61.00000000000705,-1009.0000000000155,-328.00000000001717,-663.0000000000135,-392.0000000000101,-485.99999999999756,-292.00000000000335,224.000000000002,,-4532.000000000006
2018.02.27,-168.99999999999693,-397.99999999998727,-465.99999999998863,142.00000000000878,-533.99999999999,-231.99999999999932,-164.00000000000858,148.0000000000037,-397.99999999999835,697.0000000000027,-431.99999999998795,390.0000000000015,-58.9999999999975,-1041.000000000003,-287.000000000015,-656.9999999999965,-411.00000000000136,-533.0000000000057,-314.99999999999864,248.99999999998812,,-4469.99999999997
2018.02.27,-218.99999999999142,-337.99999999999386,-495.000000000001,97.00000000000264,-476.9999999999941,-180.99999999999739,-121.99999999999989,121.99999999999989,-385.000000000002,683.9999999999975,-408.9999999999927,347.9999999999928,-50.00000000001137,-1002.000000000014,-300.00000000001137,-641.0000000000027,-395.00000000001023,-497.000000000003,-299.00000000000483,229.99999999999687,,-4329.000000000039
2018.02.27,-139.9999999999846,-366.999999999984,-522.9999999999845,95.00000000000064,-453.99999999999886,-131.9999999999908,-92.00000000000318,112.000000000001,-354.9999999999942,610.0000000000136,-547.999999999993,243.99999999999977,-69.99999999999318,-1073.9999999999973,-341.00000000001353,-638.0000000000052,-420.0000000000017,-518.0000000000074,-341.0000000000024,201.99999999999108,,-4749.999999999948
2018.02.27,-23.999999999979593,-465.99999999998863,-516.9999999999897,106.00000000000608,-570.0000000000039,25.000000000005684,-108.00000000000809,140.0000000000068,-361.0000000000002,251.00000000000477,-689.0000000000063,117.99999999999588,-393.0000000000007,-1199.0000000000168,-464.00000000001995,-739.0000000000008,-273.00000000001035,-524.0000000000023,-363.99999999999767,181.9999999999933,,-5869.000000000011
2018.02.27,-21.999999999988695,-409.99999999999926,-554.9999999999944,112.000000000001,-503.000000000009,86.00000000001273,-112.000000000001,131.00000000000333,-314.99999999999864,180.00000000000682,-741.9999999999982,129.00000000000134,-387.00000000000045,-1168.0000000000134,-368.00000000001273,-662.000000000007,-269.00000000000546,-563.0000000000024,-385.99999999999744,194.99999999998963,,-5629.000000000014
2018.02.27,-72.99999999998974,-400.00000000000034,-583.0000000000002,48.000000000003595,-523.9999999999911,51.00000000000193,-74.00000000000739,94.00000000000519,-336.9999999999984,239.00000000000432,-716.9999999999899,49.99999999999449,-371.9999999999857,-1183.0000000000007,-478.0000000000006,-781.0000000000094,-289.0000000000015,-504.00000000000443,-329.00000000000153,202.9999999999976,,-5958.9999999999745
2018.02.27,-202.9999999999976,-414.00000000000324,-560.9999999999893,9.999999999998899,-463.9999999999977,90.00000000000341,12.000000000000899,35.00000000000725,-429.99999999999704,430.0000000000068,-513.9999999999923,133.00000000000534,-343.9999999999941,-1177.000000000006,-573.0000000000013,-846.9999999999977,-301.00000000000193,-439.0000000000005,-290.00000000000136,173.00000000000094,,-5673.999999999957
2018.02.27,-339.99999999998477,-381.99999999999346,-600.9999999999849,11.00000000000545,-522.0000000000002,11.00000000000989,-47.00000000000814,68.99999999999685,-490.999999999997,562.0000000000118,-402.9999999999978,306.00000000000625,-320.99999999999795,-1187.0000000000048,-530.0000000000082,-851.0000000000017,-321.00000000001216,-468.00000000000176,-290.9999999999968,204.99999999998852,,-5590.99999999997
2018.02.27,-269.9999999999925,-341.99999999999784,-565.9999999999999,34.000000000000696,-469.0000000000083,6.000000000000227,-58.000000000002494,107.99999999999699,-419.00000000000273,510.9999999999957,-443.99999999999994,268.0000000000016,-256.0000000000002,-1092.000000000004,-434.000000000001,-675.0000000000034,-312.0000000000118,-473.0000000000012,-336.00000000000296,160.99999999998892,,-5058.000000000044
2018.02.27,-212.99999999999653,-347.9999999999928,-595.9999999999966,42.0000000000087,-441.0000000000025,34.000000000006025,-46.00000000000159,57.00000000000705,-385.99999999999744,455.0000000000125,-560.0000000000049,212.99999999999653,-258.0000000000098,-1139.0000000000011,-425.0000000000087,-758.0000000000142,-337.0000000000033,-509.00000000000387,-314.99999999999864,219.99999999999798,,-5310.000000000004
2018.02.27,-177.99999999998929,-279.99999999999136,-626.9999999999998,40.00000000000669,-456.00000000001194,-77.99999999998875,-90.0000000000012,102.99999999999754,-317.9999999999961,467.00000000001296,-644.0000000000001,165.9999999999995,-141.9999999999959,-1089.0000000000066,-342.00000000002007,-663.999999999998,-384.00000000000034,-526.9999999999997,-336.9999999999984,217.0000000000005,,-5162.99999999998
2018.02.27,-379.99999999998033,-242.99999999999324,-647.9999999999819,28.000000000005798,-435.9999999999919,-112.99999999999955,-87.99999999999919,82.00000000000429,-415.99999999999415,713.9999999999986,-412.9999999999967,395.99999999999636,-76.99999999999818,-1063.9999999999982,-320.00000000000915,-683.0000000000114,-411.00000000000136,-526.9999999999997,-312.9999999999966,245.99999999999068,,-4665.999999999955
2018.02.27,-490.999999999997,-268.0000000000016,-648.9999999999885,40.00000000000669,-459.99999999999375,-69.99999999999318,-101.00000000000664,97.9999999999981,-507.0000000000019,772.0000000000198,-276.9999999999939,564.000000000009,-157.0000000000107,-1099.0000000000055,-329.00000000000153,-686.0000000000089,-379.0000000000049,-545.0000000000066,-331.999999999999,241.00000000000233,,-4634.999999999977
2018.02.27,-500.9999999999959,-239.99999999999577,-790.9999999999861,-3.999999999992898,-391.000000000008,15.000000000000568,-35.00000000000725,43.999999999999595,-492.0000000000035,724.9999999999943,-463.9999999999977,476.9999999999941,-176.9999999999925,-1241.0000000000032,-376.00000000002075,-720.0000000000095,-442.0000000000073,-602.0000000000025,-397.0000000000029,227.99999999998377,,-5384.000000000055
2018.02.27,-549.9999999999839,-49.99999999999449,-889.9999999999908,-47.9999999999925,-358.9999999999982,-75.9999999999934,-120.00000000000898,79.00000000000685,-385.000000000002,665.9999999999968,-530.9999999999926,520.0000000000093,-67.00000000000728,-1127.9999999999957,-144.0000000000108,-572.0000000000169,-450.00000000000284,-646.0000000000022,-378.00000000000057,268.0000000000016,,-4860.999999999978
2018.02.27,-758.9999999999985,53.999999999998494,-975.9999999999991,-65.99999999999939,-370.00000000000364,-182.99999999999272,-137.00000000000932,116.00000000000499,-444.9999999999954,920.9999999999923,-385.99999999999744,670.9999999999993,68.00000000001205,-1094.0000000000173,-126.0000000000039,-483.0000000000112,-523.0000000000103,-658.9999999999985,-426.9999999999996,247.99999999998158,,-4556.000000000047
2018.02.27,-743.9999999999891,14.000000000002899,-930.999999999993,-2.999999999997449,-341.99999999999784,-156.99999999999648,-155.00000000000514,124.00000000000189,-463.9999999999977,962.9999999999939,-348.9999999999993,787.9999999999887,75.9999999999934,-1090.0000000000132,-53.00000000001415,-451.0000000000014,-523.0000000000103,-712.0000000000015,-456.00000000000085,278.9999999999848,,-4186.000000000052
2018.02.27,-896.9999999999923,195.00000000001182,-988.9999999999955,-146.99999999999713,-279.99999999999136,-125.0,-87.99999999999919,46.00000000000159,-422.9999999999956,933.9999999999975,-238.99999999998923,675.0000000000034,97.00000000000841,-944.9999999999958,-91.00000000001884,-493.0000000000101,-466.0000000000082,-579.0000000000073,-312.00000000000114,266.999999999995,,-3859.999999999983
2018.02.27,-832.9999999999949,263.00000000001324,-1098.9999999999834,-142.99999999999312,-184.00000000000637,-38.99999999998727,-73.00000000000084,79.00000000000685,-344.99999999999534,807.9999999999927,-469.99999999999267,585.9999999999976,120.00000000000455,-983.0000000000006,-17.000000000000348,-324.9999999999975,-493.0000000000092,-667.0000000000065,-458.00000000000284,225.99999999999287,,-4046.9999999999627
2018.02.27,-1057.9999999999811,541.0000000000136,-1224.000000000003,-292.9999999999988,-69.00000000000794,158.00000000000125,-25.00000000000835,-12.000000000000899,-287.0000000000039,602.0000000000039,-353.99999999998766,529.0000000000017,24.00000000000091,-775.9999999999989,35.999999999991594,-402.0000000000135,-321.00000000001216,-570.9999999999993,-300.0000000000003,308.9999999999815,,-3493.000000000022
2018.02.27,-924.9999999999981,514.9999999999987,-1215.9999999999948,-287.9999999999994,42.0000000000087,164.00000000000148,56.0000000000005,-83.9999999999952,-217.99999999999596,629.0000000000191,-514.9999999999987,371.99999999999454,146.99999999999136,-802.9999999999982,15.999999999993797,-401.00000000000693,-414.0000000000015,-574.0000000000078,-312.9999999999966,295.0000000000008,,-3514.9999999999836
2018.02.27,-805.9999999999956,534.9999999999966,-1173.0000000000018,-356.9999999999962,0.0,141.00000000000534,86.99999999999264,-100.00000000000009,-132.99999999999423,453.00000000000296,-604.0000000000045,65.99999999998829,126.00000000000477,-722.0000000000005,-98.0000000000203,-490.999999999997,-358.0000000000041,-450.00000000000597,-214.00000000000307,273.9999999999965,,-3824.0000000000364
2018.02.27,-705.0000000000001,563.0000000000024,-1151.9999999999975,-331.999999999999,73.99999999999629,75.00000000000284,90.99999999999665,-124.00000000000189,-44.99999999999504,491.00000000001387,-705.0000000000001,-8.999999999992347,287.00000000000614,-662.000000000007,-13.000000000018552,-449.0000000000105,-427.0000000000067,-465.0000000000043,-202.0000000000022,308.9999999999815,,-3400.0000000000355
2018.02.27,-627.9999999999841,448.000000000004,-1061.9999999999852,-268.99999999999704,7.0000000000014495,133.00000000000978,56.99999999999594,-109.99999999999899,-78.99999999999574,389.00000000001,-680.9999999999983,35.999999999991594,145.00000000001023,-697.9999999999986,-31.000000000003247,-512.0000000000014,-355.000000000004,-475.0000000000032,-190.00000000000128,332.9999999999833,,-3541.9999999999654
2018.02.27,-495.99999999998533,388.0000000000106,-1034.0000000000016,-249.99999999999466,41.000000000002146,137.00000000000045,95.00000000000064,-151.9999999999966,-39.00000000000014,355.99999999999454,-804.9999999999891,-89.99999999999008,176.9999999999925,-734.9999999999968,-69.00000000000794,-561.0000000000115,-397.00000000000557,-475.0000000000032,-185.99999999999727,329.99999999998585,,-3764.9999999999927
2018.02.27,-555.9999999999787,502.00000000000244,-1059.9999999999943,-339.99999999999585,79.00000000000685,67.00000000000728,136.99999999999824,-132.99999999999423,2.999999999997449,426.00000000001614,-761.999999999996,-208.99999999999253,298.0000000000018,-625.0000000000089,-105.00000000002174,-450.00000000001705,-417.0000000000016,-382.00000000000455,-183.99999999999528,231.99999999998778,,-3478.999999999983
2018.02.27,-595.9999999999966,497.0000000000141,-1089.999999999991,-364.9999999999931,99.00000000000463,156.0000000000059,175.99999999999838,-158.99999999999804,-22.999999999995246,379.99999999999545,-760.0000000000051,-218.00000000000708,219.99999999999886,-669.0000000000085,-157.00000000000713,-486.00000000000864,-387.00000000000045,-375.0000000000031,-188.9999999999947,221.99999999998886,,-3724.0000000000027
2018.02.27,-727.9999999999953,574.0000000000078,-1255.9999999999905,-434.9999999999965,109.00000000000354,157.0000000000107,201.99999999999108,-190.99999999999673,-51.99999999999649,442.0000000000073,-815.9999999999945,-205.99999999999508,229.99999999998977,-773.0000000000015,-199.00000000001583,-553.0000000000035,-451.0000000000076,-414.9999999999987,-214.00000000000307,232.99999999999432,,-4341.999999999991
2018.02.27,-735.9999999999811,602.0000000000136,-1256.999999999997,-443.99999999999994,147.99999999999258,97.00000000000841,217.0000000000005,-173.9999999999964,-36.999999999998145,545.9999999999923,-814.999999999988,-215.00000000000963,346.00000000000364,-741.0000000000139,-182.99999999999983,-458.00000000000284,-509.00000000000034,-406.00000000000637,-246.99999999999721,182.99999999999983,,-4082.99999999998
2018.02.27,-827.9999999999843,639.0000000000118,-1350.9999999999911,-520.9999999999936,157.99999999999147,88.99999999999864,279.99999999999136,-231.0000000000034,-68.00000000000139,625.0,-824.9999999999868,-280.9999999999979,367.999999999995,-807.0000000000022,-293.0000000000099,-574.0000000000078,-558.0000000000069,-379.0000000000071,-224.9999999999974,180.99999999998673,,-4601.0000000000155
2018.02.27,-833.9999999999792,659.0000000000095,-1447.9999999999827,-547.999999999993,158.99999999999804,88.99999999999864,292.9999999999988,-219.00000000000253,-56.99999999999594,609.0000000000089,-953.0000000000039,-334.9999999999964,366.9999999999902,-900.9999999999962,-318.00000000001825,-541.0000000000136,-611.0000000000042,-419.9999999999982,-297.00000000000284,141.99999999999767,,-5163.999999999986
2018.02.27,-812.999999999997,605.0000000000111,-1439.9999999999968,-512.9999999999968,174.00000000000747,63.00000000000239,281.99999999999335,-234.00000000000088,-46.999999999997044,663.0000000000109,-984.000000000007,-248.00000000000378,394.00000000000546,-966.0000000000002,-283.000000000011,-543.0000000000045,-665.0000000000063,-469.0000000000083,-307.0000000000017,156.99999999998494,,-5174.0000000000155
2018.02.28,-790.9999999999861,600.0000000000006,-1425.9999999999939,-512.9999999999968,143.99999999998857,50.00000000001137,282.99999999999994,-219.00000000000253,-80.00000000000229,629.9999999999955,-957.0000000000078,-275.000000000003,366.9999999999902,-937.00000000001,-298.00000000002046,-530.0000000000082,-641.0000000000053,-439.0000000000005,-309.0000000000037,144.99999999999514,,-5196.000000000059
2018.02.28,-771.9999999999949,577.0000000000052,-1410.0000000000002,-434.9999999999965,143.99999999998857,81.00000000000307,222.99999999999542,-202.9999999999976,-77.00000000000485,591.0000000000082,-978.9999999999966,-141.99999999999767,326.9999999999982,-960.0000000000053,-191.00000000000784,-527.0000000000108,-618.9999999999998,-534.0000000000011,-334.9999999999964,219.99999999999798,,-5021.000000000013
2018.02.28,-771.9999999999949,577.0000000000052,-1381.9999999999943,-439.99999999999596,130.0000000000079,139.00000000001,220.99999999999343,-224.000000000002,-78.99999999999574,536.0000000000014,-943.9999999999893,-154.99999999999403,280.00000000000114,-931.9999999999995,-210.0000000000213,-609.9999999999994,-567.0000000000073,-509.00000000000387,-270.0000000000036,269.9999999999925,,-4940.999999999989
2018.02.28,-829.9999999999974,670.000000000015,-1407.999999999987,-456.9999999999963,147.00000000000824,108.00000000000409,187.9999999999993,-171.99999999999437,-46.999999999997044,539.999999999992,-900.9999999999962,-130.99999999999224,323.0000000000075,-836.0000000000146,-123.00000000000644,-439.99999999999596,-547.0000000000113,-504.00000000000443,-304.00000000000426,220.99999999998232,,-4502.999999999989
2018.02.28,-787.9999999999887,578.9999999999961,-1402.9999999999986,-447.99999999999284,96.99999999999153,186.00000000000705,203.99999999999307,-205.99999999999508,-85.99999999999719,442.0000000000073,-950.9999999999908,-164.99999999999292,181.0000000000116,-950.0000000000064,-221.00000000000452,-612.0000000000125,-516.0000000000053,-509.9999999999993,-282.0000000000045,265.99999999998846,,-5182.999999999994
2018.02.28,-838.9999999999898,615.00000000001,-1397.0000000000039,-497.99999999999847,140.99999999999113,65.00000000001194,256.99999999999613,-200.99999999999562,-92.99999999999864,670.9999999999923,-875.999999999988,-208.00000000000819,371.0000000000093,-896.000000000008,-273.0000000000121,-537.0000000000097,-611.0000000000042,-446.00000000000193,-292.9999999999988,175.99999999999838,,-4872.000000000008
2018.02.28,-804.9999999999891,590.0000000000016,-1407.999999999987,-491.99999999999244,112.000000000001,-79.9999999999983,247.99999999999267,-192.99999999999872,-88.99999999999464,814.9999999999977,-933.9999999999905,-242.00000000000887,504.99999999999545,-941.9999999999984,-295.0000000000008,-558.0000000000141,-718.0000000000035,-461.0000000000003,-307.99999999999716,177.99999999998929,,-5076.999999999995
2018.02.28,-784.9999999999912,633.0000000000168,-1441.0000000000034,-506.9999999999908,137.9999999999937,-171.99999999999704,257.9999999999916,-229.99999999999687,-46.00000000000159,897.9999999999961,-1004.9999999999892,-304.9999999999997,640.9999999999911,-926.0000000000045,-275.000000000003,-609.0000000000151,-798.0000000000018,-465.0000000000043,-270.0000000000036,225.99999999999287,,-5040.000000000021
2018.02.28,-846.9999999999977,655.0000000000056,-1421.99999999999,-471.99999999999466,104.99999999999955,-128.99999999999068,186.99999999999272,-176.99999999999383,-68.99999999999685,838.9999999999986,-902.0000000000028,-147.99999999999258,556.999999999988,-873.0000000000126,-175.00000000001404,-523.0000000000068,-713.0000000000081,-497.99999999999847,-287.9999999999994,241.99999999998667,,-4651.000000000027
2018.02.28,-938.9999999999787,766.0,-1451.9999999999866,-507.9999999999973,133.00000000000534,-110.99999999999,171.99999999999437,-212.00000000000108,-48.99999999999905,810.0000000000023,-822.9999999999959,-113.00000000000753,564.9999999999977,-768.0000000000131,-105.00000000002174,-571.0000000000103,-665.0000000000063,-475.99999999999864,-200.99999999999562,319.999999999987,,-4227.0000000000155
2018.02.28,-876.9999999999944,668.0000000000019,-1428.9999999999914,-507.9999999999973,117.99999999999588,-134.00000000000034,218.99999999999142,-188.9999999999947,-78.99999999999574,873.9999999999952,-870.9999999999995,-190.00000000000128,574.9999999999886,-868.000000000002,-228.00000000000597,-540.0000000000072,-724.0000000000038,-461.0000000000003,-277.000000000005,212.99999999999653,,-4708.000000000029
2018.02.28,-865.999999999989,693.0000000000102,-1424.9999999999875,-498.9999999999939,116.99999999998934,-166.99999999998738,195.9999999999962,-241.00000000000233,-54.999999999993946,876.0000000000048,-882.000000000005,-182.99999999999983,611.9999999999948,-829.0000000000131,-179.00000000001802,-670.9999999999993,-728.0000000000086,-468.00000000000176,-182.00000000000438,331.999999999999,,-4549.000000000011
2018.02.28,-880.9999999999984,693.0000000000102,-1437.9999999999836,-522.0000000000002,120.00000000000898,-185.99999999999284,218.99999999999142,-243.99999999999977,-61.999999999995396,920.9999999999923,-882.000000000005,-219.99999999999798,639.00000000001,-846.0000000000134,-227.00000000002163,-676.0000000000099,-751.0000000000048,-445.0000000000065,-185.00000000000182,302.9999999999866,,-4670.000000000032
2018.02.28,-852.9999999999926,687.9999999999998,-1410.0000000000002,-474.9999999999921,103.99999999999298,-206.99999999999363,169.99999999999238,-198.99999999999363,-53.00000000000304,906.0000000000059,-876.9999999999944,-146.00000000000168,641.9999999999959,-818.0000000000076,-140.0000000000068,-585.0000000000133,-739.0000000000043,-483.0000000000001,-221.00000000000452,302.9999999999866,,-4393.0000000000355
2018.02.28,-900.9999999999962,712.0000000000015,-1441.0000000000034,-511.9999999999902,114.99999999999844,-226.99999999998965,195.9999999999962,-208.99999999999253,-61.999999999995396,963.9999999999986,-862.0000000000072,-171.00000000001003,677.9999999999973,-826.0000000000156,-182.0000000000155,-592.9999999999991,-767.0000000000101,-463.0000000000023,-219.99999999999798,281.99999999998226,,-4489.000000000051
2018.02.28,-851.9999999999861,659.0000000000095,-1403.999999999983,-422.9999999999956,110.00000000001009,-299.99999999999716,142.99999999999312,-151.00000000000114,-70.0000000000034,1070.999999999998,-870.9999999999995,-26.999999999999247,759.9999999999909,-848.0000000000043,-71.00000000002105,-456.00000000001194,-830.0000000000125,-546.000000000002,-309.0000000000037,269.9999999999925,,-4145.0000000000255
2018.02.28,-933.9999999999905,682.0000000000048,-1425.9999999999939,-456.00000000000085,130.0000000000079,-242.999999999995,169.99999999999238,-171.99999999999437,-104.00000000000409,1078.000000000003,-794.9999999999901,5.999999999994898,713.9999999999986,-845.0000000000068,-106.00000000000608,-477.0000000000163,-799.0000000000066,-524.9999999999977,-295.99999999999625,261.0000000000001,,-4136.999999999996
2018.02.28,-783.9999999999848,571.0000000000103,-1376.9999999999839,-356.00000000000074,45.99999999999049,-308.9999999999975,90.99999999999665,-134.99999999999625,-90.0000000000012,1030.0000000000011,-919.9999999999875,38.0000000000047,693.000000000012,-927.9999999999955,-50.0000000000167,-507.9999999999973,-832.0000000000078,-608.0000000000085,-324.00000000000205,314.99999999999864,,-4436.999999999965
2018.02.28,-821.9999999999894,565.9999999999999,-1357.9999999999925,-327.99999999999494,-35.00000000000725,-323.99999999999807,17.999999999995797,-92.00000000000318,-117.99999999999588,998.9999999999952,-844.0000000000003,151.9999999999966,623.9999999999952,-913.0000000000083,1.999999999990898,-523.0000000000068,-777.000000000001,-633.0000000000058,-310.9999999999946,361.9999999999957,,-4355.000000000028
2018.02.28,-910.9999999999951,692.0000000000038,-1384.9999999999918,-352.9999999999922,9.999999999998899,-434.99999999998806,-11.00000000000545,-88.99999999999464,-83.9999999999952,1125.0,-770.9999999999884,205.99999999999508,786.0000000000014,-783.0000000000003,112.99999999998533,-450.00000000001705,-812.0000000000118,-621.0000000000049,-277.000000000005,390.0000000000015,,-3660.000000000004
2018.02.28,-1111.9999999999798,887.0000000000156,-1417.0000000000016,-375.9999999999986,75.00000000000284,-453.9999999999935,-60.99999999999994,-46.999999999997044,-71.99999999999429,1227.0000000000039,-557.0000000000075,408.9999999999927,894.0000000000055,-574.0000000000078,312.9999999999855,-250.00000000001688,-771.0000000000008,-613.000000000008,-258.9999999999981,400.9999999999847,,-2357.0000000000136
2018.02.28,-919.9999999999875,822.9999999999959,-1347.9999999999936,-334.00000000000097,59.99999999999339,-381.9999999999908,-74.00000000000739,-46.999999999997044,4.999999999999449,979.0000000000134,-707.9999999999975,262.00000000000665,789.0000000000157,-574.0000000000078,319.999999999987,-283.99999999999534,-702.0000000000124,-618.0000000000074,-241.00000000000233,426.9999999999996,,-2566.9999999999886
2018.02.28,-769.9999999999818,741.9999999999982,-1331.9999999999998,-276.9999999999939,-143.00000000000423,-597.999999999999,-203.00000000000873,-66.99999999999484,39.999999999995595,945.999999999998,-870.9999999999995,200.00000000000017,812.9999999999882,-656.0000000000122,322.9999999999844,-629.9999999999973,-762.0000000000005,-675.0000000000034,-102.00000000000209,651.9999999999859,,-3370.0000000000473
2018.02.28,-966.0000000000002,726.0000000000044,-1353.9999999999886,-291.99999999999227,-195.9999999999962,-650.9999999999962,-214.99999999999852,-71.99999999999429,-83.9999999999952,1165.9999999999968,-656.9999999999965,404.0000000000044,814.9999999999977,-697.9999999999986,276.9999999999939,-717.9999999999964,-784.000000000006,-670.9999999999993,-80.00000000000229,672.9999999999902,,-3376.9999999999727
2018.02.28,-1059.9999999999943,743.0000000000048,-1359.9999999999834,-292.9999999999988,-100.99999999999554,-582.9999999999984,-165.9999999999995,-175.99999999999838,-141.00000000000225,1288.000000000011,-544.9999999999955,536.0000000000032,843.9999999999941,-687.0000000000153,298.9999999999826,-839.9999999999964,-800.0000000000114,-677.0000000000053,-4.999999999999449,767.9999999999909,,-2956.0000000000073
2018.02.28,-1120.9999999999943,724.9999999999978,-1350.9999999999911,-339.0000000000004,-174.00000000000747,-602.9999999999944,-159.00000000000912,-153.00000000000313,-192.00000000000327,1306.0000000000116,-452.99999999999227,507.9999999999973,782.0000000000107,-700.999999999996,179.99999999998016,-890.000000000013,-765.0000000000006,-614.0000000000034,12.999999999996348,719.9999999999873,,-3281.0000000000273
2018.02.28,-1175.9999999999993,686.0000000000089,-1356.0000000000016,-328.9999999999904,-252.0000000000078,-619.9999999999903,-194.0000000000053,-139.00000000000023,-258.9999999999981,1334.0000000000032,-391.000000000008,598.999999999994,716.0000000000082,-754.0000000000102,148.99999999999915,-971.0000000000107,-752.0000000000095,-626.9999999999998,24.999999999997247,750.9999999999906,,-3560.0000000000305
2018.02.28,-1420.9999999999834,748.0000000000153,-1390.9999999999866,-324.9999999999975,-225.00000000000853,-671.999999999997,-219.00000000000253,-93.99999999999409,-363.99999999999767,1620.0000000000045,-127.99999999999478,926.999999999989,802.9999999999973,-716.0000000000056,238.99999999998923,-804.0000000000047,-790.0000000000063,-665.0000000000044,-44.99999999999504,707.9999999999975,,-2813.9999999999854
2018.02.28,-1598.9999999999948,744.9999999999957,-1377.9999999999905,-232.99999999999432,-219.99999999999798,-740.9999999999997,-300.0000000000003,-32.999999999994145,-480.99999999999807,1917.0000000000016,117.00000000001154,1360.0000000000057,893.0000000000007,-709.0000000000041,419.9999999999982,-661.0000000000005,-842.000000000013,-769.0000000000085,-117.99999999999588,736.9999999999877,,-1894.99999999999
2018.02.28,-1658.9999999999882,740.0000000000073,-1444.9999999999852,-242.99999999999324,-198.99999999999363,-807.9999999999927,-277.000000000005,-26.999999999999247,-526.9999999999997,2097.000000000008,104.99999999999955,1418.0000000000082,987.9999999999995,-795.9999999999967,397.99999999998727,-609.0000000000151,-949.0000000000123,-807.9999999999976,-194.0000000000053,688.9999999999841,,-2105.9999999999905
2018.02.28,-1706.9999999999918,765.0000000000157,-1474.9999999999818,-310.9999999999946,-182.99999999999983,-750.9999999999906,-245.0000000000063,-26.999999999999247,-524.9999999999977,1993.9999999999998,129.00000000000134,1445.0000000000073,911.0000000000014,-809.0000000000152,372.9999999999789,-513.0000000000078,-917.0000000000016,-762.0000000000072,-202.0000000000022,541.9999999999981,,-2267.999999999993
2018.02.28,-1646.9999999999984,747.0000000000088,-1530.9999999999934,-336.9999999999984,-188.00000000001037,-690.9999999999883,-179.00000000000693,-31.000000000003247,-510.99999999999477,1939.9999999999977,-29.999999999996696,1183.0000000000007,867.999999999995,-894.000000000017,210.99999999998343,-609.9999999999994,-923.0000000000018,-756.0000000000011,-253.99999999999866,565.9999999999999,,-3067.000000000023
2018.02.28,-1797.9999999999884,697.9999999999986,-1584.999999999992,-304.9999999999997,-232.00000000000998,-700.9999999999934,-211.00000000000563,-60.99999999999994,-644.9999999999956,2120.0000000000045,93.00000000000975,1452.9999999999932,832.9999999999984,-1019.0000000000143,212.99999999999653,-748.9999999999997,-966.0000000000082,-835.000000000008,-253.0000000000032,656.9999999999965,,-3293.0000000000205
2018.02.28,-1784.999999999992,848.0000000000043,-1678.0000000000018,-431.99999999999903,-252.99999999999213,-793.9999999999969,-191.00000000000784,1.0000000000065512,-531.0000000000036,2018.0000000000007,-53.999999999998494,1157.000000000008,908.9999999999918,-943.000000000005,151.9999999999966,-595.0000000000122,-978.9999999999992,-739.0000000000008,-283.99999999999534,505.99999999998425,,-3667.0000000000123
2018.02.28,-1934.9999999999977,961.9999999999961,-1707.9999999999984,-412.9999999999967,-60.99999999999994,-812.9999999999882,-159.00000000000912,-36.0000000000027,-543.0000000000045,2314.9999999999977,100.99999999999554,1378.9999999999968,1156.000000000006,-832.0000000000105,334.9999999999964,-429.99999999999704,-1076.0000000000077,-790.0000000000018,-314.99999999999864,531.9999999999991,,-2331.000000000026
2018.02.28,-2066.999999999997,970.0000000000042,-1814.9999999999889,-478.0000000000006,-202.9999999999976,-1268.0000000000007,-195.00000000000074,73.00000000000084,-617.0000000000009,2849.000000000018,113.00000000000753,1402.9999999999986,1514.00000000001,-953.0000000000039,216.99999999997831,-357.00000000000733,-1371.0000000000093,-797.9999999999987,-426.9999999999996,404.9999999999887,,-3004.999999999999
2018.02.28,-1929.9999999999873,836.0000000000146,-1794.9999999999911,-430.9999999999925,-234.00000000000088,-1171.999999999997,-179.00000000000693,55.000000000005045,-627.9999999999952,2697.0000000000027,-32.999999999994145,1333.9999999999907,1367.999999999995,-1103.0000000000095,139.00000000000023,-467.0000000000174,-1353.0000000000086,-841.0000000000028,-456.9999999999963,419.9999999999982,,-3773.9999999999936
2018.02.28,-1940.9999999999927,824.0000000000025,-1751.999999999998,-389.99999999999034,-129.00000000000134,-1161.9999999999918,-140.0000000000068,-2.999999999997449,-646.0000000000022,2850.999999999999,39.00000000001125,1442.00000000001,1479.9999999999898,-1063.0000000000139,202.9999999999976,-451.0000000000014,-1405.0000000000011,-860.0000000000052,-441.99999999999795,453.99999999999886,,-3090.99999999999
2018.02.28,-1986.9999999999832,790.0000000000018,-1828.9999999999918,-441.99999999999795,-205.99999999999508,-1183.9999999999975,-121.99999999999989,-24.999999999997247,-698.9999999999941,2867.999999999995,-8.000000000008,1384.0000000000075,1412.0000000000061,-1201.0000000000077,57.99999999998029,-614.0000000000034,-1439.0000000000073,-853.9999999999992,-432.9999999999945,459.99999999999375,,-4070.9999999999927
2018.02.28,-2023.9999999999814,844.0000000000003,-1817.000000000002,-474.9999999999921,-269.00000000000813,-1197.9999999999932,-162.0000000000066,-14.999999999998348,-683.0000000000002,2784.9999999999964,59.000000000009045,1356.0000000000016,1362.9999999999995,-1116.000000000006,61.99999999998429,-662.000000000007,-1359.9999999999995,-800.0000000000007,-351.0000000000013,489.99999999999045,,-3973.000000000014
2018.02.28,-2088.9999999999854,917.9999999999966,-1919.9999999999884,-539.0000000000006,-241.00000000000233,-1197.9999999999932,-129.00000000000134,-48.99999999999905,-670.9999999999993,2801.9999999999927,0.0,1295.0000000000018,1395.0000000000102,-1147.000000000009,28.999999999990145,-714.999999999999,-1397.0000000000055,-802.0000000000027,-356.00000000000074,480.99999999999807,,-4332.999999999995
2018.02.28,-2049.9999999999964,822.9999999999959,-1868.9999999999873,-489.99999999999045,-238.0000000000049,-1149.000000000001,-119.00000000000244,-70.99999999999883,-714.999999999999,2804.000000000002,19.999999999997797,1354.999999999995,1332.9999999999984,-1208.000000000009,4.999999999988347,-767.0000000000066,-1390.0000000000005,-824.0000000000025,-365.99999999999966,495.99999999998533,,-4420.000000000036
2018.02.28,-2075.999999999989,856.9999999999967,-1973.0000000000025,-517.9999999999962,-222.99999999999542,-1143.9999999999914,-101.00000000000664,-34.000000000000696,-707.000000000002,2807.9999999999927,-87.99999999999919,1326.9999999999893,1350.999999999999,-1289.0000000000068,-7.0000000000014495,-646.0000000000132,-1444.0000000000027,-870.0000000000041,-477.0000000000052,411.99999999999017,,-4842.000000000048
2018.02.28,-2163.999999999988,897.0000000000144,-1980.9999999999884,-600.0000000000006,-178.99999999999582,-1247.0,-20.0000000000089,-68.99999999999685,-734.0000000000014,3042.000000000002,15.999999999993797,1251.000000000002,1520.0000000000102,-1246.0000000000139,-121.00000000001555,-663.999999999998,-1529.0000000000105,-775.9999999999989,-441.99999999999795,346.9999999999862,,-4699.000000000006
2018.02.28,-2202.9999999999995,958.9999999999987,-2085.0000000000036,-720.9999999999939,-190.00000000000128,-1292.9999999999923,49.99999999999449,-78.99999999999574,-714.0000000000035,3057.9999999999927,-82.00000000000429,1032.999999999995,1558.9999999999975,-1297.0000000000148,-282.0000000000045,-707.9999999999975,-1583.0000000000127,-697.0000000000032,-446.9999999999974,261.9999999999845,,-5460.00000000006
2018.02.28,-2211.999999999992,927.9999999999955,-2004.9999999999902,-728.9999999999908,-211.99999999998997,-1257.9999999999955,63.99999999999739,-51.99999999999649,-743.0000000000048,3031.000000000006,39.999999999995595,1022.9999999999961,1492.999999999995,-1238.0000000000057,-339.0000000000004,-683.0000000000114,-1510.000000000005,-624.0000000000023,-429.99999999999704,205.99999999999508,,-5250.0
2018.02.28,-2191.999999999994,946.0000000000024,-1986.9999999999832,-714.999999999999,-181.00000000000892,-1245.999999999995,56.99999999999594,-58.99999999999794,-715.9999999999944,3006.0,42.0000000000087,1034.0000000000016,1510.9999999999957,-1192.0000000000152,-286.00000000000847,-663.0000000000135,-1495.0000000000045,-626.0000000000043,-412.00000000000125,230.9999999999812,,-4943.0000000000355
2018.02.28,-2276.999999999996,1001.0000000000074,-1976.0,-783.0000000000003,-146.00000000000168,-1315.9999999999882,102.99999999999754,-92.99999999999864,-724.0000000000024,3153.00000000002,168.99999999999693,1022.9999999999961,1614.0000000000043,-1110.000000000011,-323.0000000000066,-463.9999999999977,-1555.0000000000068,-539.0000000000006,-368.00000000000165,64.99999999998174,,-4546.000000000008
2018.03.01,-2279.999999999993,966.0000000000002,-1990.9999999999873,-797.9999999999987,-167.9999999999904,-1373.9999999999952,121.99999999999989,-70.99999999999883,-751.9999999999972,3137.0000000000005,151.00000000001222,998.00000000001,1568.000000000012,-1166.0000000000005,-397.0000000000029,-639.9999999999961,-1525.0000000000057,-508.00000000000847,-380.00000000000256,132.99999999998312,,-4974.999999999959
2018.03.01,-2315.0000000000005,1005.9999999999958,-2028.9999999999918,-794.9999999999901,-113.99999999999189,-1342.9999999999893,129.9999999999968,-105.99999999999498,-748.9999999999997,3199.0000000000123,147.00000000000824,1011.9999999999907,1632.000000000005,-1158.0000000000146,-369.0000000000193,-692.0000000000038,-1560.0000000000023,-551.0000000000015,-358.9999999999982,214.00000000000307,,-4799.999999999986
2018.03.01,-2339.9999999999864,1000.0000000000009,-2030.9999999999827,-784.9999999999912,-147.99999999999258,-1355.9999999999945,112.99999999999643,-98.99999999999353,-771.9999999999949,3282.000000000011,171.99999999999437,1068.0000000000023,1671.999999999997,-1173.0000000000018,-361.0000000000113,-707.0000000000132,-1590.0000000000034,-565.9999999999999,-358.9999999999982,231.99999999998778,,-4747.999999999974
2018.03.01,-2325.9999999999836,1014.0000000000038,-2044.9999999999857,-757.999999999992,-134.00000000001188,-1332.9999999999984,88.99999999999464,-85.00000000000173,-753.0000000000036,3239.0000000000045,137.00000000000932,1107.999999999998,1663.000000000011,-1170.0000000000043,-286.00000000000847,-652.0000000000082,-1584.0000000000032,-614.0000000000034,-392.00000000000347,241.99999999998667,,-4640.0
2018.03.01,-2380.9999999999886,1076.0000000000102,-2102.999999999988,-842.9999999999937,-150.99999999999002,-1428.9999999999877,123.99999999999079,-117.99999999999588,-743.0000000000048,3334.000000000003,127.99999999999478,991.0000000000085,1758.0000000000098,-1161.9999999999964,-367.0000000000062,-746.0000000000023,-1643.0000000000007,-545.0000000000066,-331.999999999999,235.99999999999176,,-4915.99999999995
2018.03.01,-2364.999999999995,1039.000000000012,-2110.9999999999964,-1005.0000000000003,-190.00000000000128,-1354.9999999999898,269.9999999999925,-137.9999999999937,-758.9999999999985,3211.0000000000127,93.99999999999409,588.9999999999951,1627.0000000000095,-1219.0000000000146,-758.0000000000142,-863.0000000000138,-1587.0000000000032,-346.0000000000019,-305.99999999999517,55.99999999998939,,-6116.000000000012
2018.03.01,-2423.999999999982,1065.0000000000048,-2159.0,-1120.9999999999943,-167.00000000000603,-1438.999999999993,383.99999999999545,-198.99999999999363,-780.9999999999984,3387.0000000000005,106.00000000000608,395.99999999999636,1753.9999999999907,-1248.0000000000045,-964.0000000000093,-988.9999999999955,-1681.0000000000116,-233.00000000000543,-256.99999999999613,-8.000000000008,,-6578.000000000005
2018.03.01,-2351.9999999999986,1015.0000000000103,-2105.0000000000014,-1066.9999999999957,-215.99999999999397,-1397.9999999999961,329.999999999997,-131.99999999999878,-768.9999999999975,3251.0000000000045,85.00000000000173,429.99999999999704,1650.0000000000057,-1243.0000000000164,-918.0000000000188,-890.9999999999974,-1614.0000000000043,-258.9999999999981,-309.0000000000037,-36.0000000000138,,-6548.000000000018
2018.03.01,-2430.999999999983,1049.0000000000111,-2141.9999999999995,-1154.999999999995,-232.99999999999432,-1403.9999999999964,378.00000000000057,-158.0000000000026,-797.0000000000033,3282.000000000011,137.9999999999937,330.0000000000081,1639.00000000001,-1245.0000000000073,-1051.0000000000018,-978.9999999999966,-1606.9999999999993,-180.0000000000024,-258.9999999999981,-70.0000000000145,,-6894.999999999961
2018.03.01,-2390.9999999999877,1032.0000000000107,-2133.9999999999914,-1147.9999999999934,-234.00000000000088,-1336.999999999989,383.0,-146.99999999999713,-782.0000000000049,3167.000000000002,99.00000000000463,290.9999999999968,1556.999999999988,-1256.999999999997,-1060.0000000000164,-955.0000000000169,-1560.0000000000023,-180.0000000000024,-278.9999999999959,-91.00000000001884,,-7026.000000000012
2018.03.01,-2281.999999999984,957.0000000000078,-2052.9999999999936,-1044.0000000000005,-222.99999999999542,-1265.9999999999911,335.99999999999187,-107.00000000000153,-766.9999999999955,3064.9999999999977,73.00000000001194,390.0000000000015,1489.0000000000043,-1253.0000000000152,-944.0000000000115,-845.0000000000068,-1515.0000000000005,-250.00000000000577,-336.9999999999984,-85.00000000000173,,-6660.999999999987
2018.03.01,-2300.9999999999973,973.0000000000016,-2056.9999999999977,-1066.0000000000002,-241.00000000000233,-1295.9999999999923,335.99999999999187,-81.9999999999932,-768.000000000002,3081.9999999999936,85.00000000000173,364.00000000000875,1501.0000000000048,-1238.0000000000057,-967.0000000000067,-799.0000000000164,-1516.0000000000055,-228.00000000000597,-353.99999999999875,-124.00000000001299,,-6696.000000000036
2018.03.01,-2359.0,994.000000000006,-2078.0000000000023,-1086.9999999999936,-259.0000000000092,-1244.9999999999905,332.99999999999443,-82.99999999999974,-788.9999999999952,3028.00000000002,134.99999999999625,391.000000000008,1420.9999999999923,-1239.9999999999966,-984.000000000007,-828.0000000000065,-1466.0000000000082,-219.00000000000253,-338.00000000000495,-118.00000000001809,,-6791.000000000017
2018.03.01,-2377.9999999999914,992.9999999999994,-2109.9999999999895,-1078.9999999999966,-245.99999999999068,-1220.9999999999895,335.99999999999187,-88.99999999999464,-802.0000000000027,3042.000000000002,114.99999999999844,431.0000000000036,1415.9999999999968,-1278.0000000000014,-969.0000000000199,-822.0000000000116,-1478.999999999999,-253.99999999999866,-363.99999999999767,-111.00000000001664,,-6869.000000000007
2018.03.01,-2342.999999999984,1004.0000000000049,-2099.999999999991,-1067.9999999999911,-231.0000000000034,-1224.9999999999943,329.00000000000153,-78.99999999999574,-773.9999999999969,3010.000000000019,82.00000000000429,414.00000000000324,1432.9999999999927,-1253.0000000000152,-933.000000000006,-780.000000000003,-1478.0000000000086,-258.9999999999981,-373.99999999999653,-117.00000000001154,,-6741.99999999997
2018.03.01,-2337.9999999999955,1005.0000000000115,-2090.9999999999986,-1114.9999999999993,-231.0000000000034,-1210.9999999999986,369.99999999999255,-78.99999999999574,-766.9999999999955,2986.000000000018,89.00000000000574,303.0000000000088,1415.9999999999968,-1241.0000000000032,-1026.0000000000157,-783.0000000000003,-1461.0000000000127,-191.00000000000784,-363.0000000000022,-175.99999999999838,,-6903.999999999992
2018.03.01,-2285.999999999988,990.000000000002,-2117.9999999999977,-1095.999999999997,-265.0000000000041,-1210.9999999999986,339.99999999999585,-24.999999999997247,-748.0000000000042,2903.9999999999964,-11.00000000000545,275.000000000003,1376.0000000000048,-1297.0000000000148,-1007.0000000000024,-705.0000000000001,-1464.0000000000127,-236.99999999999832,-439.0000000000005,-214.00000000000307,,-7238.000000000023
2018.03.01,-2193.0000000000005,876.0000000000101,-2057.9999999999823,-1031.9999999999995,-285.00000000000193,-1219.9999999999989,334.00000000000097,-17.999999999995797,-768.000000000002,2931.000000000012,-52.99999999999194,309.0000000000037,1366.0000000000139,-1367.000000000007,-1024.0000000000027,-709.0000000000041,-1496.0000000000093,-272.00000000000557,-478.0000000000006,-224.000000000002,,-7380.999999999963
2018.03.01,-2295.999999999987,848.0000000000043,-2015.9999999999957,-1128.9999999999911,-307.99999999999716,-1132.9999999999955,425.99999999999307,-68.99999999999685,-856.9999999999967,2930.000000000007,144.0000000000108,212.99999999999653,1239.0000000000043,-1351.0000000000132,-1258.0000000000036,-868.000000000002,-1405.0000000000011,-111.00000000000554,-378.00000000000057,-275.000000000003,,-7653.999999999973
2018.03.01,-2376.9999999999845,926.0000000000045,-2022.999999999997,-1105.0000000000005,-287.9999999999994,-1226.9999999999895,368.9999999999971,-10.999999999994348,-851.0000000000017,3072.0000000000027,222.99999999999542,380.00000000000256,1370.0000000000045,-1262.0000000000075,-1106.000000000007,-689.0000000000063,-1444.0000000000027,-152.00000000000767,-424.9999999999976,-292.00000000000335,,-6911.999999999993
2018.03.01,-2207.9999999999877,909.0000000000042,-2051.0000000000027,-1028.9999999999911,-380.00000000000256,-1304.9999999999927,248.99999999999923,70.0000000000034,-753.9999999999991,2894.0000000000055,-25.999999999992696,326.0000000000041,1354.0000000000134,-1314.9999999999995,-978.0000000000122,-624.0000000000023,-1464.0000000000127,-273.000000000001,-495.000000000001,-243.99999999999977,,-7343.999999999967
2018.03.01,-2201.9999999999927,958.9999999999987,-2048.9999999999895,-991.9999999999928,-279.00000000000705,-1271.9999999999914,249.99999999999466,99.00000000000463,-712.0000000000015,2919.000000000011,-32.999999999994145,402.9999999999978,1435.0000000000023,-1249.0000000000111,-836.0000000000146,-419.0000000000138,-1478.999999999999,-317.0000000000006,-565.9999999999999,-278.00000000000045,,-6618.0
2018.03.01,-2374.9999999999936,1043.0000000000161,-2163.999999999988,-1139.9999999999966,-261.0000000000001,-1326.9999999999982,348.9999999999993,46.999999999997044,-736.9999999999987,3093.999999999994,49.00000000001015,295.0000000000008,1516.999999999996,-1283.0000000000118,-1032.0000000000107,-511.000000000017,-1548.0000000000018,-213.00000000000762,-536.0000000000032,-354.0000000000099,,-7087.000000000025
2018.03.01,-2470.9999999999786,1114.000000000015,-2227.0000000000014,-1240.999999999992,-167.00000000000603,-1316.9999999999932,464.9999999999932,-46.999999999997044,-773.9999999999969,3218.999999999994,69.00000000000794,178.99999999999582,1615.000000000009,-1266.0000000000116,-1144.0000000000116,-601.000000000007,-1602.0000000000039,-134.0000000000008,-475.0000000000032,-368.00000000001273,,-7173.000000000002
2018.03.01,-2387.99999999999,1042.0000000000095,-2204.9999999999905,-1173.9999999999973,-242.00000000000887,-1309.9999999999882,397.99999999999835,33.000000000005244,-773.9999999999969,3116.0000000000136,-4.999999999988347,226.99999999999943,1526.0000000000105,-1331.9999999999998,-1100.000000000012,-521.0000000000159,-1579.0000000000077,-202.0000000000022,-561.0000000000003,-392.9999999999989,,-7443.999999999959
2018.03.01,-2457.9999999999823,1052.0000000000084,-2215.999999999996,-1106.9999999999914,-262.999999999991,-1346.999999999994,310.9999999999946,87.00000000000374,-812.999999999997,3199.0000000000123,69.00000000000794,466.9999999999952,1543.0000000000064,-1333.0000000000064,-951.000000000013,-422.9999999999956,-1591.0000000000082,-300.0000000000003,-616.0000000000055,-352.000000000019,,-7041.999999999972
2018.03.01,-2477.99999999998,1070.0000000000155,-2183.000000000002,-1084.9999999999916,-245.0000000000063,-1376.9999999999955,290.9999999999968,123.00000000000644,-812.0000000000016,3253.0000000000146,139.00000000000023,546.000000000002,1591.0000000000082,-1266.0000000000116,-883.0000000000116,-312.00000000000114,-1588.0000000000082,-300.0000000000003,-639.0000000000007,-375.0000000000142,,-6529.999999999983
2018.03.01,-2414.9999999999895,1080.9999999999986,-2171.9999999999964,-1041.9999999999984,-232.00000000000998,-1441.9999999999932,253.99999999999866,157.00000000000713,-763.0000000000026,3278.9999999999964,73.99999999999629,565.9999999999999,1682.9999999999927,-1241.0000000000032,-781.0000000000094,-201.00000000000674,-1632.000000000005,-346.0000000000019,-685.0000000000023,-377.0000000000051,,-6235.000000000035
2018.03.01,-2413.9999999999827,1222.000000000012,-2261.000000000002,-1103.9999999999939,-175.99999999999838,-1436.9999999999977,263.99999999999756,173.00000000000094,-661.9999999999959,3175.0000000000114,-48.000000000003595,424.00000000000216,1741.9999999999902,-1171.000000000011,-725.0000000000201,-86.0000000000083,-1632.000000000005,-338.00000000000495,-707.9999999999975,-412.00000000001234,,-6174.000000000018
2018.03.01,-2451.9999999999877,1243.0000000000164,-2258.9999999999886,-1115.9999999999948,-178.99999999999582,-1447.9999999999932,259.9999999999936,153.99999999999858,-668.0000000000019,3195.999999999998,2.0000000000131024,442.9999999999934,1750.0,-1138.0000000000168,-721.000000000016,-124.99999999999733,-1617.0000000000045,-317.0000000000006,-663.0000000000025,-388.0000000000106,,-6042.999999999998
2018.03.01,-2414.9999999999895,1195.0000000000127,-2318.9999999999823,-1085.9999999999982,-187.00000000000384,-1435.9999999999927,276.9999999999939,104.00000000000409,-658.0000000000031,3164.0000000000155,-79.00000000000685,591.9999999999925,1711.999999999989,-1290.0000000000134,-663.0000000000135,-53.00000000001415,-1692.0000000000073,-386.0000000000086,-670.000000000004,-428.00000000000614,,-6318.000000000036
2018.03.01,-2147.9999999999945,1056.9999999999968,-2152.9999999999827,-930.999999999993,-314.99999999999864,-1241.9999999999902,112.99999999999643,248.99999999999923,-609.9999999999994,2653.9999999999964,-245.99999999999068,468.00000000000176,1360.0000000000136,-1251.000000000002,-588.0000000000107,-97.00000000001374,-1431.0000000000116,-478.0000000000006,-748.0000000000042,-310.0000000000103,,-6646.999999999999
2018.03.01,-2116.999999999991,1163.000000000003,-2091.9999999999827,-947.9999999999933,-306.9999999999906,-1289.999999999992,70.99999999999883,258.9999999999981,-510.99999999999477,2569.000000000017,-201.00000000000674,394.00000000000546,1426.9999999999925,-1039.9999999999966,-485.0000000000021,-51.000000000001044,-1362.9999999999995,-399.0000000000049,-643.0000000000047,-273.0000000000121,,-5836.999999999955
2018.03.01,-2492.9999999999895,1215.0000000000105,-2149.9999999999854,-1036.999999999999,-235.00000000000742,-1423.9999999999923,190.00000000000128,231.0000000000034,-705.9999999999956,3155.000000000001,185.00000000001293,757.999999999992,1609.0000000000089,-1090.9999999999975,-586.0000000000198,106.99999999999044,-1532.0000000000107,-333.0000000000055,-712.0000000000015,-475.0000000000032,,-5323.999999999987
2018.03.01,-2573.9999999999873,1181.0000000000098,-2132.0000000000005,-970.9999999999997,-425.99999999999307,-1233.9999999999945,7.9999999999968985,426.00000000000415,-795.0000000000013,2819.999999999993,331.999999999999,930.0000000000086,1228.0000000000086,-1070.9999999999998,-512.0000000000014,170.00000000000347,-1248.0000000000045,-408.00000000000836,-787.9999999999998,-433.0000000000167,,-5496.999999999982
2018.03.01,-2667.9999999999814,1166.0000000000005,-2154.999999999996,-934.9999999999969,-473.99999999999665,-1338.9999999999986,-52.000000000007596,521.0000000000048,-865.0000000000047,3009.0000000000146,422.9999999999956,1137.9999999999945,1296.999999999997,-1112.0000000000018,-454.00000000002103,346.9999999999862,-1315.0000000000118,-475.99999999999864,-909.9999999999997,-500.00000000001154,,-5354.000000000034
2018.03.01,-2559.9999999999845,1017.0000000000013,-2163.0000000000036,-886.9999999999934,-529.0000000000017,-1399.000000000001,-43.00000000000415,468.00000000000176,-904.0000000000048,3076.999999999998,273.9999999999965,1109.0000000000043,1300.0000000000114,-1312.000000000002,-549.0000000000217,130.99999999999224,-1422.0000000000114,-539.0000000000006,-907.9999999999977,-429.99999999999704,,-6269.000000000019
2018.03.01,-2344.9999999999973,775.9999999999989,-2095.999999999987,-790.9999999999973,-561.9999999999958,-1237.9999999999995,-12.000000000000899,443.99999999999994,-939.0000000000009,2885.000000000019,87.99999999999919,1052.9999999999927,1074.9999999999886,-1541.0000000000146,-663.0000000000135,15.999999999993797,-1404.0000000000105,-613.000000000008,-978.9999999999966,-436.00000000001415,,-7282.000000000045
2018.03.01,-2479.999999999993,828.0000000000065,-2381.9999999999955,-915.9999999999945,-500.00000000001154,-1297.9999999999877,117.00000000000044,360.0000000000048,-990.000000000002,3128.0000000000146,-127.99999999999478,937.9999999999944,1218.999999999994,-1824.0000000000034,-853.0000000000149,-95.00000000000064,-1641.0000000000055,-670.9999999999993,-1083.9999999999961,-496.00000000000756,,-8767.99999999999
2018.03.01,-2518.9999999999823,809.9999999999997,-2410.000000000001,-1034.999999999997,-541.9999999999981,-1354.9999999999898,213.99999999999199,273.9999999999965,-1027.0000000000002,3209.000000000003,-121.99999999999989,720.9999999999939,1234.0000000000089,-1882.000000000006,-1115.0000000000216,-368.9999999999971,-1684.0000000000118,-544.0,-970.0000000000042,-497.0000000000141,,-9609.000000000031
2018.03.01,-2620.9999999999845,924.0000000000136,-2543.999999999991,-1117.9999999999968,-517.9999999999962,-1485.99999999999,237.99999999999378,246.99999999999721,-1009.9999999999998,3381.0,-168.99999999999693,656.9999999999965,1413.000000000011,-1900.0000000000127,-1139.0000000000011,-390.0000000000015,-1805.0000000000068,-541.0000000000026,-971.9999999999951,-511.000000000017,,-9863.999999999978
2018.03.01,-2618.9999999999936,960.0000000000053,-2611.9999999999923,-1189.9999999999911,-483.99999999999557,-1774.000000000001,304.9999999999997,231.0000000000034,-981.999999999994,3751.0000000000045,-265.99999999998846,493.99999999999443,1782.0000000000107,-1934.0000000000134,-1235.0000000000084,-381.0000000000091,-2059.000000000012,-501.000000000007,-995.9999999999969,-583.0000000000002,,-10092.999999999982
2018.03.01,-2407.9999999999877,670.000000000015,-2242.999999999995,-964.9999999999936,-486.00000000000864,-1576.9999999999982,268.0000000000016,253.0000000000032,-1056.9999999999968,3617.999999999995,-35.999999999991594,733.9999999999902,1556.0000000000116,-1856.0000000000132,-1154.0000000000105,-319.0000000000026,-1880.0000000000095,-502.00000000000244,-983.0000000000006,-563.0000000000024,,-8929.999999999996
2018.03.01,-2186.9999999999836,378.00000000001165,-1969.999999999983,-779.9999999999918,-497.99999999999847,-1506.999999999991,261.99999999999557,229.99999999999687,-1124.9999999999982,3622.000000000014,62.000000000006494,866.9999999999956,1459.0000000000032,-1897.0000000000152,-1159.0000000000211,-397.0000000000029,-1835.000000000008,-524.9999999999977,-968.0000000000022,-517.0000000000119,,-8484.999999999982
2018.03.01,-2132.0000000000005,327.99999999999494,-1936.9999999999886,-773.9999999999969,-544.0000000000111,-1487.9999999999995,251.99999999999667,209.9999999999991,-1127.0000000000002,3544.000000000011,38.0000000000047,822.9999999999959,1385.9999999999957,-1919.000000000004,-1202.000000000014,-513.0000000000078,-1802.0000000000068,-509.9999999999993,-912.9999999999972,-474.0000000000189,,-8754.000000000047
2018.03.01,-2127.9999999999964,304.00000000001535,-1913.9999999999934,-790.9999999999973,-547.0000000000086,-1542.9999999999923,278.9999999999959,201.00000000000674,-1141.0000000000032,3633.00000000001,59.000000000009045,774.000000000008,1442.0000000000073,-1924.9999999999989,-1270.0000000000155,-543.0000000000045,-1841.0000000000082,-470.9999999999992,-900.9999999999962,-502.00000000000244,,-8824.999999999962
2018.03.01,-2111.9999999999804,287.9999999999994,-1990.9999999999873,-809.9999999999997,-530.9999999999926,-1481.9999999999993,315.9999999999941,161.00000000000003,-1141.9999999999986,3576.999999999998,-65.99999999998829,714.999999999999,1390.9999999999911,-2039.000000000013,-1326.000000000005,-615.00000000001,-1868.000000000009,-508.00000000000847,-927.9999999999955,-496.00000000000756,,-9466.000000000011
2018.03.01,-2115.9999999999845,279.00000000000705,-2048.9999999999895,-852.9999999999926,-495.000000000001,-1485.99999999999,390.99999999999693,85.00000000000173,-1137.9999999999945,3587.9999999999936,-140.0000000000068,747.9999999999931,1393.0000000000007,-2131.0000000000164,-1323.0000000000075,-553.0000000000035,-1919.0000000000111,-502.9999999999979,-921.0000000000051,-582.0000000000158,,-9725.000000000024
2018.03.02,-2143.9999999999905,255.00000000000523,-2005.9999999999966,-807.9999999999976,-506.9999999999908,-1492.999999999995,352.9999999999922,148.0000000000037,-1180.9999999999986,3633.00000000001,-43.999999999999595,760.0000000000051,1384.999999999991,-2095.0000000000023,-1361.0000000000123,-573.0000000000013,-1907.0000000000107,-512.0000000000014,-966.9999999999957,-541.9999999999981,,-9605.999999999985
2018.03.02,-2103.9999999999945,185.99999999999727,-1993.9999999999848,-739.0000000000008,-524.9999999999977,-1545.9999999999923,309.99999999999915,202.0000000000022,-1205.999999999996,3744.0,-83.9999999999952,866.9999999999956,1437.0000000000118,-2171.9999999999964,-1308.0000000000202,-496.00000000000756,-1977.0000000000039,-589.0000000000061,-1066.9999999999957,-565.9999999999999,,-9626.999999999985
2018.03.02,-2145.9999999999814,239.99999999999577,-2020.9999999999839,-815.9999999999945,-499.000000000005,-1509.999999999991,373.00000000000114,184.00000000000637,-1198.9999999999945,3742.999999999995,-69.9999999999923,750.0000000000063,1459.0000000000032,-2140.0000000000086,-1399.0000000000168,-509.00000000000387,-1964.0000000000127,-524.0000000000023,-1041.9999999999984,-607.0000000000019,,-9696.999999999978
2018.03.02,-2122.999999999986,219.00000000001364,-2002.9999999999993,-744.9999999999957,-520.9999999999936,-1472.999999999999,307.99999999999716,218.00000000000708,-1197.999999999999,3664.0000000000155,-72.0000000000054,879.0000000000075,1381.0000000000002,-2143.000000000006,-1279.000000000008,-472.00000000000574,-1924.0000000000066,-601.000000000007,-1065.0000000000048,-548.9999999999995,,-9498.999999999975
2018.03.02,-2140.9999999999927,266.999999999995,-1988.9999999999964,-750.9999999999906,-544.0000000000111,-1466.9999999999986,268.99999999999704,265.0000000000041,-1178.0000000000014,3598.000000000013,-26.999999999999247,886.000000000009,1358.000000000004,-2066.0000000000123,-1235.0000000000084,-383.0,-1861.000000000004,-583.0000000000002,-1068.0000000000023,-572.0000000000169,,-9222.000000000011
2018.03.02,-2081.999999999984,197.00000000000273,-1916.999999999991,-661.0000000000005,-571.9999999999948,-1388.999999999996,207.99999999999707,314.0000000000032,-1192.000000000004,3486.000000000018,-2.999999999997449,1014.0000000000038,1240.000000000009,-2066.999999999997,-1145.0000000000182,-313.00000000000773,-1785.000000000011,-641.9999999999982,-1112.9999999999973,-557.0000000000075,,-8978.99999999997
2018.03.02,-2068.9999999999877,205.99999999999508,-1932.9999999999848,-734.9999999999968,-553.0000000000035,-1541.9999999999873,282.99999999999994,336.00000000000296,-1173.9999999999973,3682.0000000000164,-46.999999999997044,825.9999999999934,1435.0000000000023,-2075.0000000000045,-1282.0000000000055,-221.00000000000452,-1915.0000000000064,-560.0000000000049,-1166.0000000000005,-702.0000000000026,,-9205.999999999973
2018.03.02,-1996.999999999982,187.00000000000384,-1951.9999999999982,-766.9999999999955,-507.9999999999973,-1586.999999999989,356.9999999999962,296.0000000000074,-1141.9999999999986,3745.0000000000045,-163.9999999999864,662.000000000007,1544.0000000000111,-2126.0000000000055,-1371.0000000000111,-258.0000000000027,-2010.000000000005,-531.9999999999991,-1175.0000000000039,-746.0000000000023,,-9543.999999999945
2018.03.02,-2075.999999999989,219.00000000001364,-2031.9999999999893,-822.9999999999959,-459.99999999999375,-1585.9999999999986,422.00000000000017,214.00000000000307,-1170.0000000000043,3843.0000000000177,-174.00000000000747,635.0000000000077,1590.0000000000034,-2183.000000000002,-1444.000000000001,-384.00000000000654,-2069.0000000000027,-524.9999999999977,-1139.0000000000011,-713.0000000000081,,-9854.99999999995
2018.03.02,-2067.999999999981,200.00000000000017,-2051.9999999999873,-836.9999999999989,-486.999999999993,-1556.999999999988,424.9999999999976,224.000000000002,-1178.0000000000014,3784.00000000002,-212.99999999999653,592.9999999999991,1527.0000000000152,-2231.000000000005,-1496.0000000000084,-401.00000000000693,-2055.000000000007,-523.0000000000068,-1158.9999999999989,-737.0000000000099,,-10240.999999999955
2018.03.02,-2042.9999999999948,148.99999999999915,-2019.9999999999995,-783.0000000000003,-479.99999999999153,-1497.0,407.99999999999727,268.99999999999704,-1198.9999999999945,3753.0000000000146,-200.00000000000017,680.9999999999983,1467.000000000013,-2256.9999999999977,-1453.9999999999998,-280.9999999999979,-2030.0000000000011,-569.0000000000084,-1246.0000000000027,-785.9999999999978,,-10117.999999999967
2018.03.02,-2019.9999999999995,129.00000000000134,-2018.999999999993,-848.9999999999998,-446.9999999999974,-1469.9999999999989,504.9999999999999,187.9999999999993,-1200.0000000000011,3757.000000000005,-225.99999999999287,502.00000000000244,1472.0000000000084,-2280.9999999999995,-1614.0000000000043,-439.0000000000116,-2044.0000000000111,-480.0000000000027,-1170.9999999999998,-794.0000000000058,,-10501.0
2018.03.02,-1989.9999999999807,111.00000000001664,-1978.9999999999975,-812.999999999997,-436.9999999999985,-1314.9999999999977,487.99999999999955,221.00000000000452,-1193.999999999995,3555.000000000007,-208.00000000000819,543.0000000000045,1304.000000000002,-2254.0000000000005,-1568.0000000000139,-340.00000000000693,-1924.0000000000066,-495.000000000001,-1205.0000000000005,-821.000000000005,,-10320.999999999975
2018.03.02,-2049.9999999999964,148.99999999999915,-2012.9999999999982,-835.9999999999923,-425.0000000000087,-1403.9999999999964,495.000000000001,207.00000000000162,-1202.9999999999984,3710.000000000008,-178.99999999999582,568.9999999999973,1423.0000000000018,-2249.9999999999964,-1561.0000000000123,-353.0000000000033,-1997.0,-496.00000000000756,-1195.999999999997,-806.0000000000178,,-10216.000000000011
2018.03.02,-2059.999999999995,174.00000000000747,-2038.999999999991,-841.9999999999983,-378.00000000001165,-1334.9999999999936,515.9999999999942,158.99999999999804,-1192.000000000004,3662.0000000000064,-201.99999999999108,570.9999999999882,1394.0000000000055,-2249.0000000000123,-1541.0000000000146,-402.0000000000135,-1981.0000000000086,-507.0000000000019,-1170.0000000000043,-767.0000000000066,,-10189.000000000045
2018.03.02,-1972.9999999999802,139.00000000000023,-1987.9999999999898,-775.9999999999989,-286.99999999999284,-1563.999999999993,531.9999999999991,148.0000000000037,-1159.9999999999943,4022.9999999999964,-245.99999999999068,604.0000000000045,1764.00000000001,-2229.9999999999986,-1455.0000000000064,-297.0000000000139,-2204.0000000000077,-548.9999999999995,-1214.9999999999993,-772.0000000000172,,-9505.999999999969
2018.03.02,-2100.9999999999973,265.0000000000041,-2073.999999999998,-809.9999999999997,-269.9999999999925,-1677.9999999999973,502.9999999999979,151.9999999999966,-1149.9999999999955,4181.000000000012,-197.99999999998707,692.9999999999881,1914.999999999992,-2171.000000000012,-1360.0000000000057,-258.0000000000027,-2270.00000000001,-570.9999999999993,-1200.9999999999966,-731.000000000015,,-9134.000000000018
2018.03.02,-2080.9999999999995,300.99999999999574,-2083.999999999997,-819.9999999999985,-228.99999999999034,-1547.9999999999877,515.9999999999942,131.00000000000333,-1110.9999999999952,3998.000000000019,-238.99999999998923,651.0000000000016,1810.0000000000023,-2137.9999999999955,-1331.0000000000155,-256.99999999999613,-2185.0000000000023,-567.0000000000064,-1180.9999999999986,-714.0000000000147,,-9077.999999999969
2018.03.02,-2166.9999999999854,355.0000000000164,-2034.0000000000025,-768.9999999999975,-194.0000000000053,-1587.9999999999939,456.9999999999963,165.9999999999995,-1129.0000000000023,4121.000000000009,-60.99999999999994,869.999999999993,1896.000000000015,-2011.0000000000073,-1163.000000000003,-127.00000000001043,-2174.0000000000064,-592.9999999999991,-1180.0000000000032,-684.000000000018,,-8009.000000000004
2018.03.02,-2177.999999999991,297.9999999999983,-2065.99999999999,-783.9999999999958,-204.00000000000418,-1687.9999999999882,495.9999999999964,140.0000000000068,-1180.9999999999986,4320.999999999998,-89.00000000000574,853.9999999999992,2002.0000000000095,-2117.9999999999977,-1264.0000000000207,-199.00000000001583,-2297.0000000000114,-600.0000000000006,-1205.999999999996,-707.9999999999975,,-8471.000000000007
2018.03.02,-2240.999999999982,270.00000000001467,-2078.0000000000023,-722.9999999999959,-171.99999999999437,-1575.9999999999934,475.99999999999864,163.00000000000205,-1239.0000000000011,4312.000000000012,-24.999999999986144,1069.9999999999932,1908.0000000000155,-2170.0000000000055,-1176.0000000000214,-102.00000000000209,-2264.00000000001,-687.0000000000043,-1290.0000000000023,-710.0000000000106,,-8253.999999999976
2018.03.02,-2065.99999999999,188.00000000001037,-2109.9999999999895,-712.9999999999969,-127.99999999999478,-1584.9999999999936,541.9999999999981,92.99999999999864,-1185.0000000000027,4289.0000000000155,-292.9999999999877,868.000000000002,1967.000000000013,-2316.000000000007,-1263.000000000014,-214.00000000000307,-2379.000000000005,-728.0000000000064,-1317.0000000000016,-697.0000000000143,,-9046.999999999969
2018.03.02,-2051.9999999999873,158.0000000000137,-2177.999999999991,-764.9999999999934,21.00000000000435,-1378.0,701.9999999999915,-51.99999999999649,-1197.0000000000036,4235.000000000014,-404.9999999999887,740.0000000000073,1895.0000000000102,-2439.9999999999977,-1409.0000000000157,-343.00000000000443,-2395.00000000001,-709.9999999999995,-1310.9999999999955,-713.0000000000081,,-9596.999999999949
2018.03.02,-2140.9999999999927,171.00000000001003,-2307.999999999999,-876.9999999999944,-104.99999999999955,-1450.9999999999934,723.9999999999914,-147.99999999999258,-1246.9999999999982,4248.000000000019,-472.9999999999901,585.9999999999976,1838.9999999999986,-2581.9999999999955,-1622.0000000000123,-772.0000000000172,-2435.0000000000023,-669.0000000000085,-1163.9999999999984,-584.0000000000067,,-11009.999999999985
2018.03.02,-2110.9999999999964,41.000000000002146,-2322.9999999999864,-905.9999999999957,-170.00000000000347,-1494.9999999999905,785.9999999999978,-236.00000000000287,-1320.9999999999943,4344.999999999999,-530.9999999999926,485.0000000000021,1817.0000000000073,-2770.000000000006,-1846.0000000000143,-1092.000000000004,-2519.0000000000055,-644.0000000000001,-1097.999999999999,-537.0000000000097,,-12124.99999999999
2018.03.02,-1966.9999999999854,26.999999999999247,-2283.9999999999973,-841.9999999999983,-95.00000000000064,-1546.999999999997,779.9999999999918,-386.9999999999929,-1239.9999999999966,4369.0,-662.9999999999914,443.99999999999994,1957.9999999999984,-2741.0000000000155,-1734.0000000000134,-1356.0000000000016,-2591.000000000008,-692.9999999999992,-934.9999999999969,-295.0000000000008,,-11792.000000000005
2018.03.02,-1922.999999999986,-197.00000000000273,-2268.9999999999877,-780.9999999999984,-69.9999999999923,-1542.9999999999923,875.999999999999,-502.00000000000244,-1373.9999999999975,4620.000000000005,-692.9999999999881,530.0000000000082,1983.000000000004,-3005.9999999999977,-1900.0000000000127,-1612.9999999999977,-2747.0,-757.0000000000076,-954.9999999999948,-249.00000000001032,,-12569.999999999953
2018.03.02,-1986.9999999999832,-109.00000000000354,-2283.9999999999973,-771.9999999999949,-76.99999999999375,-1516.999999999996,806.999999999991,-402.9999999999978,-1351.9999999999977,4543.000000000006,-634.0000000000013,629.9999999999973,1947.0000000000027,-2910.999999999997,-1766.000000000001,-1361.0000000000123,-2678.0000000000114,-783.0000000000003,-1031.000000000004,-311.0000000000168,,-12049.00000000001
2018.03.02,-1771.999999999996,-215.99999999999397,-2272.999999999992,-805.9999999999956,-123.00000000000644,-1598.9999999999895,869.999999999993,-505.99999999999534,-1290.0000000000023,4484.000000000009,-895.0000000000014,280.9999999999979,1990.000000000009,-3036.0000000000164,-1969.0000000000207,-1702.0000000000034,-2764.00000000001,-733.0000000000059,-919.9999999999986,-236.00000000001398,,-13215.000000000033
2018.03.02,-2000.9999999999861,-151.9999999999966,-2434.0000000000027,-907.9999999999977,-114.99999999999844,-1571.9999999999886,934.9999999999969,-487.99999999999955,-1390.9999999999977,4629.000000000019,-822.9999999999959,339.0000000000004,1968.999999999994,-3151.000000000015,-2102.0000000000036,-1639.0000000000127,-2813.0000000000023,-724.0000000000024,-1022.9999999999961,-363.0000000000022,,-13826.999999999985
2018.03.02,-2003.9999999999836,-144.99999999999514,-2458.999999999989,-866.0000000000001,-126.0000000000039,-1521.9999999999914,883.0000000000005,-397.0000000000029,-1392.0000000000043,4545.999999999993,-533.99999999999,443.99999999999994,1899.000000000001,-3124.0000000000155,-2019.9999999999995,-1425.0000000000095,-2661.0000000000014,-631.0000000000038,-987.0000000000045,-439.0000000000116,,-12960.000000000011
2018.03.02,-1955.99999999998,-160.00000000000458,-2330.999999999994,-783.9999999999958,-127.00000000001043,-1530.9999999999918,820.999999999994,-365.99999999999966,-1368.999999999998,4518.000000000001,-740.0000000000073,564.000000000009,1901.0000000000105,-3038.0000000000073,-1856.0000000000132,-1354.0000000000107,-2713.000000000008,-806.0000000000067,-1112.0000000000018,-380.00000000000256,,-12819.000000000018
2018.03.02,-2082.9999999999905,-221.00000000000452,-2421.999999999991,-863.9999999999981,-141.99999999999767,-1534.9999999999966,919.9999999999986,-446.00000000000193,-1492.9999999999998,4713.999999999998,-702.0000000000026,540.0000000000072,1895.0000000000102,-3225.9999999999955,-2103.0000000000105,-1571.9999999999957,-2802.000000000007,-772.000000000006,-1102.000000000003,-404.0000000000044,,-13819.999999999989
2018.03.02,-2169.999999999983,-204.99999999998852,-2523.9999999999927,-932.999999999995,-246.99999999999721,-1679.9999999999927,907.9999999999977,-380.999999999998,-1534.000000000002,4825.000000000017,-729.9999999999862,503.99999999999335,1935.0000000000023,-3334.0000000000146,-2217.0000000000023,-1554.000000000011,-2887.0000000000005,-762.0000000000072,-1171.9999999999952,-500.00000000001154,,-14657.999999999965
2018.03.02,-2100.9999999999973,-322.9999999999844,-2549.0000000000014,-961.9999999999961,-336.00000000000296,-1646.9999999999914,944.0000000000003,-436.9999999999985,-1580.999999999999,4754.000000000019,-849.9999999999952,348.9999999999993,1804.000000000002,-3515.0000000000014,-2430.000000000021,-1839.0000000000127,-2895.00000000001,-746.9999999999976,-1126.0000000000048,-458.00000000000284,,-15944.999999999996
2018.03.02,-2182.9999999999795,-163.00000000000205,-2557.9999999999936,-954.9999999999948,-443.99999999999994,-1783.0000000000014,779.9999999999918,-287.9999999999994,-1514.9999999999998,4694.999999999993,-758.9999999999985,469.0000000000083,1842.000000000013,-3317.9999999999986,-2210.000000000001,-1618.0000000000084,-2818.000000000012,-761.0000000000006,-1132.9999999999952,-448.000000000004,,-15167.999999999984
2018.03.02,-2125.9999999999836,-200.00000000000017,-2585.9999999999995,-914.9999999999991,-407.0000000000018,-1637.0000000000005,787.9999999999998,-353.0000000000033,-1507.0000000000027,4533.0000000000155,-868.000000000002,483.99999999999557,1715.0000000000034,-3403.0000000000005,-2177.000000000007,-1727.9999999999961,-2783.0000000000014,-834.0000000000014,-1119.0000000000034,-361.0000000000113,,-15484.000000000002
2018.03.02,-2186.9999999999836,-214.99999999998744,-2522.000000000002,-854.9999999999947,-482.00000000000466,-1564.9999999999977,691.9999999999926,-308.9999999999926,-1558.9999999999993,4421.999999999997,-706.0000000000066,699.0000000000052,1540.9999999999968,-3342.0000000000005,-2074.0000000000205,-1734.9999999999977,-2643.000000000001,-860.0000000000052,-1083.0000000000007,-284.00000000001756,,-15067.00000000002
2018.03.02,-2261.9999999999864,-136.00000000000279,-2624.9999999999886,-890.9999999999974,-512.0000000000014,-1676.9999999999925,661.9999999999959,-337.99999999999386,-1549.999999999996,4519.0000000000055,-748.9999999999997,713.0000000000081,1640.9999999999911,-3369.0,-2047.000000000021,-1846.0000000000143,-2717.0000000000127,-896.000000000008,-1036.0000000000036,-195.00000000001182,,-15311.00000000003
2018.03.02,-2155.99999999998,-191.99999999999218,-2688.0000000000014,-873.999999999997,-475.0000000000032,-1667.9999999999923,701.9999999999915,-410.9999999999947,-1519.999999999999,4508.00000000001,-974.9999999999925,614.0000000000034,1669.0000000000111,-3520.000000000012,-2083.0000000000127,-1973.0000000000025,-2816.0000000000027,-966.0000000000002,-1053.9999999999993,-139.00000000000023,,-16016.999999999967
2018.03.02,-2176.0,-268.0000000000016,-2735.9999999999827,-847.9999999999932,-520.0000000000093,-1800.9999999999877,690.9999999999972,-334.9999999999964,-1588.0000000000005,4733.000000000004,-1014.0000000000038,703.0000000000092,1774.000000000001,-3672.0000000000086,-2126.0000000000055,-1841.0000000000036,-2959.000000000003,-1034.0000000000016,-1215.9999999999948,-256.00000000001177,,-16488.999999999993
2018.03.02,-2092.999999999989,-285.99999999998624,-2756.9999999999873,-853.9999999999992,-507.9999999999973,-1713.9999999999986,714.999999999999,-369.99999999999255,-1546.9999999999984,4567.000000000007,-1151.9999999999975,587.9999999999885,1687.0000000000118,-3724.0000000000164,-2156.0000000000023,-1907.9999999999986,-2928.0000000000114,-1049.0000000000111,-1209.0000000000045,-234.00000000000088,,-16931.999999999985
2018.03.02,-2082.9999999999905,-310.9999999999946,-2803.0,-867.999999999991,-510.99999999999477,-1665.9999999999968,742.9999999999936,-400.9999999999958,-1559.9999999999948,4521.000000000015,-1228.0000000000068,541.9999999999981,1628.9999999999907,-3812.9999999999995,-2223.0000000000196,-2001.0000000000084,-2938.0000000000023,-1059.9999999999943,-1207.999999999998,-219.99999999999798,,-17458.999999999985
2018.03.02,-1972.9999999999802,-377.0000000000051,-2658.999999999989,-850.9999999999907,-507.9999999999973,-1576.9999999999982,767.9999999999909,-392.00000000000347,-1536.000000000004,4369.0,-1163.9999999999873,439.99999999999596,1526.0000000000105,-3717.999999999999,-2270.0000000000164,-1957.0000000000086,-2825.0000000000027,-974.0000000000082,-1178.0000000000014,-276.00000000000955,,-17132.000000000004
2018.03.02,-2013.9999999999825,-370.999999999988,-2753.99999999999,-859.9999999999941,-550.000000000006,-1460.9999999999986,742.9999999999936,-363.0000000000022,-1556.0000000000018,4206.000000000017,-1244.0000000000007,472.9999999999901,1348.0000000000132,-3827.0000000000027,-2279.0000000000086,-1958.0000000000152,-2770.00000000001,-1036.999999999999,-1239.9999999999966,-280.0000000000136,,-17793.999999999996
2018.03.02,-1969.999999999983,-378.999999999996,-2567.9999999999927,-783.0000000000003,-561.0000000000115,-1434.9999999999882,669.9999999999928,-324.9999999999975,-1534.000000000002,4121.000000000009,-1048.9999999999889,594.0000000000057,1304.000000000002,-3608.9999999999955,-2129.000000000003,-1872.000000000007,-2632.000000000005,-992.9999999999994,-1159.9999999999943,-240.00000000001796,,-16549.999999999975
2018.03.02,-1925.9999999999832,-322.00000000000006,-2442.999999999995,-773.9999999999969,-524.9999999999977,-1448.9999999999982,652.9999999999925,-322.9999999999955,-1463.0000000000032,4068.000000000012,-926.999999999989,557.0000000000075,1360.99999999999,-3378.9999999999986,-2036.0000000000155,-1794.0000000000066,-2552.000000000007,-905.0000000000002,-1060.0000000000055,-223.00000000001762,,-15462.00000000001
2018.03.02,-1857.9999999999818,-253.99999999999866,-2535.9999999999827,-759.999999999994,-506.9999999999908,-1501.9999999999955,703.9999999999935,-278.00000000000045,-1358.0000000000036,3966.000000000008,-1092.9999999999884,529.0000000000017,1424.0000000000066,-3394.000000000008,-1891.0000000000205,-1529.0000000000025,-2622.0,-1000.0000000000009,-1173.0000000000018,-309.0000000000037,,-15440.999999999962
