date,nextweek_NZDCAD,USDCHF,GBPUSD,EURUSD,USDJPY,USDCAD,AUDUSD,NZDUSD,GBPCHF,EURCHF,CHFJPY,CADCHF,AUDCHF,NZDCHF,EURGBP,GBPJPY,GBPCAD,GBPAUD,EURJPY,EURCAD,EURAUD,EURNZD,CADJPY,AUDJPY,NZDJPY,AUDCAD,NZDCAD,AUDNZD
2020.05.17,1,-1,1,1,1,-1,1,1,1,1,1,1,1,1,1,1,-1,-1,1,1,-1,-1,1,1,1,1,1,-1
2020.05.10,1,1,-1,-1,1,1,-1,-1,-1,-1,1,-1,-1,-1,1,-1,-1,-1,1,1,1,1,-1,-1,-1,-1,-1,1
2020.05.03,-1,1,-1,-1,-1,-1,1,1,1,-1,-1,1,1,1,-1,-1,-1,-1,-1,-1,-1,-1,1,1,1,1,1,1
2020.04.26,1,-1,1,1,-1,1,1,1,-1,1,1,-1,-1,-1,1,1,1,1,1,1,1,1,-1,-1,1,1,1,-1
2020.04.19,1,1,-1,-1,1,1,1,-1,-1,1,-1,1,1,1,1,-1,-1,-1,-1,1,-1,1,-1,1,1,1,1,1
2020.04.12,1,1,1,-1,-1,1,1,-1,1,-1,-1,-1,1,-1,-1,-1,1,1,-1,-1,-1,1,-1,-1,-1,1,1,1
2020.04.05,1,-1,1,1,1,-1,1,1,1,1,1,1,1,1,-1,1,-1,-1,1,-1,-1,-1,1,1,1,1,1,1
2020.03.29,1,1,-1,-1,1,1,-1,-1,1,-1,-1,1,-1,-1,-1,-1,1,1,-1,-1,1,1,-1,-1,-1,-1,-1,1
2020.03.22,-1,-1,1,1,-1,-1,1,1,1,1,1,-1,1,1,-1,1,1,1,1,1,-1,-1,-1,1,1,1,1,-1
2020.03.15,1,1,-1,-1,1,1,-1,-1,-1,-1,-1,-1,-1,-1,1,-1,-1,1,-1,-1,1,1,-1,-1,-1,-1,-1,-1
2020.03.08,-1,1,-1,-1,1,1,-1,-1,-1,-1,1,1,-1,-1,1,-1,-1,1,1,-1,1,1,1,-1,-1,-1,-1,-1
2020.03.01,-1,-1,1,1,-1,-1,1,1,-1,-1,1,-1,-1,-1,1,-1,1,-1,1,1,-1,-1,-1,1,1,1,1,1
2020.02.23,1,-1,-1,1,-1,1,-1,-1,-1,1,-1,-1,-1,-1,1,-1,1,1,-1,1,1,1,-1,-1,-1,-1,-1,-1
2020.02.16,-1,-1,-1,1,1,-1,-1,-1,-1,-1,1,-1,-1,-1,1,1,-1,1,1,-1,1,1,1,1,1,-1,-1,1
2020.02.09,-1,1,1,-1,1,-1,1,1,1,-1,-1,1,1,1,-1,1,1,1,-1,-1,-1,-1,1,1,1,1,1,1
2020.02.02,1,1,-1,-1,1,1,-1,-1,-1,1,-1,1,1,1,1,-1,-1,-1,1,-1,-1,-1,1,1,1,1,-1,1
2020.01.26,-1,-1,1,1,-1,1,-1,-1,1,-1,1,-1,-1,-1,-1,1,1,1,1,1,1,1,-1,-1,-1,-1,-1,1
2020.01.19,-1,1,1,-1,-1,1,-1,-1,1,-1,-1,-1,-1,1,-1,-1,1,1,-1,1,1,-1,-1,-1,-1,-1,1,-1
2020.01.12,1,-1,-1,-1,1,1,-1,-1,-1,-1,1,-1,-1,-1,-1,1,-1,1,1,-1,1,1,1,1,1,-1,-1,1
2020.01.05,-1,1,-1,-1,1,1,-1,-1,1,-1,1,-1,-1,-1,-1,1,1,1,1,1,1,-1,1,1,1,-1,1,-1
2019.12.29,1,-1,1,-1,-1,-1,-1,-1,-1,-1,-1,1,-1,-1,1,-1,-1,1,-1,-1,1,1,-1,-1,-1,-1,-1,1
2019.12.22,-1,-1,1,1,1,-1,1,1,-1,1,1,-1,1,1,1,1,1,-1,1,1,-1,-1,1,1,1,1,1,-1
2019.12.15,1,-1,-1,-1,1,-1,1,1,-1,-1,1,1,1,-1,1,-1,-1,-1,-1,-1,-1,-1,1,1,1,1,-1,1
2019.12.08,-1,-1,1,1,1,-1,1,1,1,1,1,1,1,-1,-1,1,1,1,1,-1,-1,1,1,1,1,1,-1,1
2019.12.01,-1,-1,1,1,-1,-1,1,1,1,-1,1,-1,1,1,-1,1,1,1,-1,1,-1,-1,-1,1,1,1,1,-1
2019.11.24,1,1,1,1,1,-1,-1,1,1,1,1,1,-1,1,-1,1,1,1,1,-1,1,-1,1,1,1,-1,-1,-1
2019.11.17,-1,1,-1,-1,-1,1,-1,1,1,1,-1,1,1,1,1,-1,-1,-1,-1,1,1,-1,-1,-1,-1,1,1,-1
2019.11.10,1,-1,1,1,-1,-1,-1,1,1,-1,1,-1,-1,1,-1,1,1,1,-1,1,1,-1,-1,-1,1,-1,1,-1
2019.11.03,1,1,-1,-1,1,1,-1,-1,1,-1,-1,1,1,-1,-1,-1,-1,-1,-1,-1,-1,1,1,1,-1,-1,-1,1
2019.10.27,-1,-1,1,1,-1,1,1,1,1,-1,1,-1,1,1,-1,1,1,-1,1,1,-1,-1,-1,1,1,1,1,1
2019.10.20,1,1,-1,-1,1,-1,-1,-1,1,1,-1,1,1,1,1,-1,-1,-1,-1,-1,-1,-1,1,-1,-1,-1,-1,1
2019.10.13,-1,-1,1,1,1,-1,1,1,1,-1,1,-1,-1,-1,-1,1,1,1,1,1,1,1,1,1,1,1,1,1
2019.10.06,1,1,1,1,1,-1,1,1,1,1,1,1,1,1,-1,1,1,1,1,-1,-1,1,1,1,1,-1,-1,1
2019.09.29,-1,1,1,1,-1,1,1,1,1,1,-1,-1,1,1,1,-1,1,1,-1,1,1,1,-1,-1,-1,1,1,-1
2019.09.22,1,-1,-1,-1,1,-1,-1,1,-1,-1,1,1,-1,1,1,-1,-1,-1,-1,-1,-1,-1,1,1,1,-1,1,-1
2019.09.15,1,1,-1,-1,-1,-1,-1,-1,-1,-1,-1,1,-1,-1,-1,-1,-1,1,-1,-1,1,1,-1,-1,-1,-1,-1,1
2019.09.08,-1,1,1,1,1,1,1,-1,1,1,1,-1,1,-1,-1,1,1,1,1,1,-1,1,1,1,1,1,1,1
2019.09.01,1,-1,1,1,1,-1,1,1,1,1,1,1,1,1,-1,1,1,-1,1,-1,-1,-1,1,1,1,1,1,-1
2019.08.25,1,1,-1,-1,1,1,-1,-1,1,1,-1,1,1,1,-1,1,-1,-1,-1,-1,-1,-1,1,1,1,1,-1,1
2019.08.18,-1,-1,1,1,-1,1,-1,-1,1,1,-1,-1,-1,-1,-1,1,1,1,-1,1,1,1,-1,-1,-1,-1,-1,1
2019.08.11,-1,1,1,-1,1,1,-1,-1,1,-1,1,1,1,-1,-1,1,1,1,-1,-1,-1,-1,1,1,1,1,-1,1
2019.08.04,-1,-1,-1,1,-1,1,-1,-1,-1,-1,1,-1,-1,-1,1,-1,-1,-1,1,1,1,1,-1,-1,-1,-1,-1,1
2019.07.28,-1,-1,-1,-1,-1,1,-1,-1,-1,-1,-1,-1,-1,-1,1,-1,-1,-1,-1,1,1,1,-1,-1,-1,-1,-1,-1
2019.07.21,-1,1,-1,-1,1,1,-1,-1,1,1,-1,1,-1,-1,1,-1,1,1,1,1,1,1,1,-1,-1,-1,-1,1
2019.07.14,-1,-1,-1,-1,-1,1,1,1,-1,-1,1,-1,1,1,1,-1,-1,-1,-1,-1,-1,-1,-1,1,1,1,1,-1
2019.07.07,1,-1,1,1,-1,-1,1,1,-1,-1,1,-1,-1,1,1,-1,1,-1,-1,1,-1,-1,-1,1,1,1,1,-1
2019.06.30,1,1,-1,-1,1,-1,-1,-1,1,1,-1,1,1,1,1,-1,-1,-1,-1,-1,-1,-1,1,-1,-1,-1,-1,1
2019.06.23,-1,1,-1,-1,1,-1,1,1,-1,1,1,1,1,1,1,1,-1,-1,1,-1,-1,-1,1,1,1,1,1,-1
2019.06.16,1,-1,1,1,-1,-1,1,1,-1,-1,1,-1,-1,-1,1,1,-1,1,1,1,1,1,1,-1,1,-1,1,-1
2019.06.09,1,1,-1,-1,1,1,-1,-1,-1,-1,-1,-1,-1,-1,1,-1,1,1,-1,1,1,1,-1,-1,-1,-1,-1,1
2019.06.02,-1,-1,1,1,-1,-1,1,1,-1,1,1,1,-1,1,1,1,-1,-1,1,-1,1,-1,1,1,1,-1,1,-1
2019.05.26,1,-1,-1,-1,-1,1,1,-1,-1,-1,-1,-1,-1,-1,1,-1,-1,-1,-1,1,-1,-1,-1,-1,-1,1,1,1
2019.05.19,1,-1,-1,1,-1,1,1,1,-1,-1,1,-1,-1,-1,1,-1,-1,-1,-1,1,1,1,-1,-1,-1,1,1,-1
2019.05.12,1,1,-1,-1,1,1,-1,-1,-1,-1,1,-1,-1,-1,1,-1,-1,-1,-1,-1,1,1,-1,-1,-1,-1,-1,-1
2019.05.05,-1,-1,-1,1,-1,-1,1,-1,-1,1,-1,-1,1,-1,1,-1,-1,-1,-1,1,1,1,-1,-1,-1,1,-1,1
2019.04.28,-1,-1,1,1,-1,-1,-1,-1,1,1,-1,-1,-1,-1,-1,1,1,1,1,1,1,1,-1,-1,-1,-1,-1,1
2019.04.21,-1,1,-1,-1,-1,1,-1,-1,1,-1,-1,1,-1,1,-1,-1,-1,1,-1,-1,1,-1,-1,-1,-1,-1,1,-1
2019.04.14,1,1,-1,-1,-1,1,-1,-1,1,1,-1,1,1,1,1,-1,-1,-1,-1,-1,-1,1,-1,-1,-1,1,-1,1
2019.04.07,-1,1,1,1,1,-1,1,1,1,1,1,1,1,1,1,1,-1,-1,1,1,-1,1,1,1,1,1,1,1
2019.03.31,1,1,-1,-1,1,1,-1,-1,1,1,1,1,1,-1,-1,1,1,1,1,1,1,1,1,1,-1,1,-1,1
2019.03.24,-1,1,-1,-1,1,-1,1,-1,-1,-1,1,1,1,-1,1,-1,-1,-1,1,-1,-1,1,1,1,-1,-1,-1,1
2019.03.17,-1,-1,-1,-1,-1,1,-1,1,-1,-1,-1,-1,-1,-1,1,-1,1,-1,-1,1,-1,-1,-1,-1,-1,1,1,-1
2019.03.10,1,-1,1,1,1,-1,1,1,1,1,1,1,1,1,-1,1,1,1,1,1,1,1,1,1,1,1,1,-1
2019.03.03,1,1,-1,-1,-1,1,-1,-1,-1,-1,-1,1,1,1,1,-1,-1,-1,-1,-1,-1,-1,-1,-1,-1,1,1,-1
2019.02.24,1,1,1,1,1,1,-1,-1,1,1,1,-1,-1,-1,-1,1,1,1,1,1,1,1,-1,1,1,1,1,1
2019.02.17,1,-1,1,1,1,-1,-1,-1,1,-1,1,1,-1,-1,-1,1,1,1,1,-1,1,1,1,1,-1,-1,-1,1
2019.02.10,-1,1,-1,-1,1,-1,1,1,1,1,1,1,1,1,1,1,-1,-1,1,-1,-1,-1,1,1,1,1,1,-1
2019.02.03,1,1,-1,-1,1,1,-1,-1,-1,-1,-1,-1,-1,-1,-1,-1,1,1,-1,1,1,1,-1,-1,-1,-1,-1,1
2019.01.27,-1,1,-1,1,-1,-1,1,1,-1,1,-1,1,1,1,1,-1,-1,-1,1,-1,-1,-1,1,1,1,1,-1,1
2019.01.20,-1,-1,1,1,-1,-1,1,1,1,1,1,1,1,1,-1,1,1,1,1,1,1,-1,1,1,1,-1,1,-1
2019.01.13,1,1,1,-1,1,1,-1,-1,1,1,1,1,1,-1,-1,1,1,1,1,-1,-1,1,1,1,-1,-1,-1,1
2019.01.06,-1,-1,1,1,1,-1,1,1,1,1,1,1,1,1,-1,1,1,-1,1,-1,-1,-1,1,1,1,1,1,1
2018.12.30,1,1,1,-1,-1,-1,1,1,1,1,-1,1,1,1,-1,-1,-1,1,-1,-1,-1,-1,1,-1,-1,-1,-1,1
2018.12.23,-1,-1,1,1,-1,1,1,-1,-1,-1,1,-1,-1,-1,1,-1,1,1,-1,1,1,1,-1,-1,-1,1,1,1
2018.12.16,1,1,1,1,-1,1,-1,-1,1,1,-1,-1,-1,-1,1,-1,1,1,-1,1,1,1,-1,-1,-1,-1,1,-1
2018.12.09,1,1,-1,-1,1,1,-1,-1,-1,1,1,1,1,-1,1,-1,-1,-1,-1,-1,-1,1,1,1,-1,1,-1,1
2018.12.02,-1,-1,-1,1,-1,1,-1,-1,-1,-1,1,-1,-1,-1,1,-1,1,1,-1,1,1,1,-1,-1,-1,-1,-1,-1
2018.11.25,-1,1,-1,-1,1,1,1,1,-1,-1,1,-1,1,1,1,-1,-1,-1,1,1,-1,-1,1,1,1,1,1,-1
2018.11.18,1,-1,-1,-1,1,1,-1,-1,-1,-1,1,-1,-1,-1,-1,-1,1,1,-1,-1,1,1,-1,-1,-1,-1,-1,1
2018.11.11,-1,-1,-1,1,-1,-1,1,1,-1,1,-1,-1,1,1,1,-1,-1,-1,-1,1,-1,-1,-1,1,1,1,1,-1
2018.11.04,1,1,-1,-1,1,1,1,1,-1,-1,1,-1,1,1,-1,1,1,-1,1,1,-1,-1,-1,1,1,1,1,-1
2018.10.28,1,1,1,-1,1,1,1,1,1,1,1,1,1,1,-1,1,1,-1,1,-1,-1,-1,1,1,1,1,1,-1
2018.10.21,1,1,-1,-1,-1,1,-1,-1,-1,-1,-1,1,-1,-1,1,-1,-1,-1,-1,-1,-1,1,-1,-1,-1,-1,-1,1
2018.10.14,-1,1,-1,-1,1,1,1,1,1,1,-1,1,1,1,-1,1,1,-1,1,1,-1,-1,-1,1,1,1,1,-1
2018.10.07,1,-1,1,1,-1,1,1,1,1,1,-1,-1,1,1,1,-1,1,-1,-1,1,-1,-1,-1,-1,-1,1,1,-1
2018.09.30,1,1,1,-1,-1,1,-1,-1,1,1,-1,1,-1,-1,-1,1,1,1,-1,-1,1,1,-1,-1,-1,-1,-1,1
2018.09.23,-1,1,-1,-1,1,-1,-1,-1,1,1,-1,1,1,1,-1,1,-1,1,-1,-1,-1,-1,1,1,1,-1,-1,1
2018.09.16,-1,-1,1,1,1,-1,1,1,-1,1,1,1,1,1,1,1,-1,-1,1,1,-1,-1,1,1,1,1,1,-1
2018.09.09,1,-1,1,1,1,-1,1,1,1,1,1,1,1,1,-1,1,1,1,1,-1,-1,1,1,1,1,-1,-1,1
2018.09.02,-1,1,1,-1,-1,1,-1,-1,-1,-1,1,-1,-1,-1,-1,1,1,1,-1,1,1,1,-1,-1,-1,-1,-1,1
2018.08.26,-1,-1,1,-1,-1,1,-1,-1,-1,-1,1,-1,-1,-1,-1,1,1,1,-1,1,1,1,-1,-1,-1,-1,-1,-1
2018.08.19,-1,-1,1,1,1,-1,1,1,-1,1,1,-1,-1,-1,1,1,1,1,1,1,1,1,1,1,1,-1,1,-1
2018.08.12,1,1,1,1,1,-1,1,1,1,1,1,1,1,1,1,1,-1,-1,1,-1,1,-1,1,1,1,-1,1,-1
2018.08.05,1,1,-1,-1,-1,1,-1,-1,-1,-1,-1,-1,-1,-1,1,-1,-1,-1,-1,-1,1,1,-1,-1,-1,-1,-1,1
2018.07.29,-1,1,-1,-1,1,-1,-1,-1,-1,-1,1,1,1,-1,1,-1,-1,-1,-1,-1,-1,-1,1,1,-1,-1,-1,1
2018.07.22,-1,1,-1,-1,-1,-1,-1,1,1,-1,-1,1,1,1,-1,-1,-1,1,-1,-1,-1,-1,1,-1,-1,-1,-1,-1
2018.07.15,-1,-1,-1,1,-1,-1,1,1,-1,-1,1,-1,-1,-1,1,-1,-1,-1,-1,1,1,-1,-1,-1,1,-1,1,-1
2018.07.08,1,1,-1,-1,1,1,-1,-1,1,1,1,1,1,1,1,1,-1,-1,1,1,-1,1,1,1,1,1,-1,1
2018.07.01,-1,-1,1,1,-1,-1,1,1,1,1,1,1,1,1,-1,1,1,1,1,1,1,-1,1,1,1,-1,1,-1
2018.06.24,1,1,-1,1,1,-1,-1,-1,-1,1,1,1,-1,-1,1,1,-1,1,1,-1,1,1,1,1,-1,-1,-1,1
2018.06.17,-1,-1,1,1,-1,1,1,-1,-1,-1,1,-1,-1,-1,1,-1,1,1,-1,1,1,1,-1,-1,-1,1,1,1
2018.06.10,1,1,-1,-1,1,1,-1,-1,1,-1,-1,-1,-1,1,-1,1,1,1,-1,1,1,-1,-1,-1,1,-1,1,-1
2018.06.03,1,-1,1,1,1,-1,1,1,1,1,1,-1,1,1,1,1,1,1,1,1,1,1,1,1,1,1,1,-1
2018.05.27,1,-1,1,-1,-1,-1,1,1,-1,-1,1,-1,-1,1,-1,1,1,1,-1,-1,-1,-1,-1,-1,1,1,1,-1
2018.05.20,1,-1,-1,-1,-1,1,1,1,-1,-1,-1,-1,-1,-1,1,-1,-1,-1,-1,-1,-1,-1,-1,-1,-1,1,1,1
2018.05.13,1,-1,-1,-1,1,1,-1,-1,-1,-1,1,-1,-1,-1,-1,1,1,-1,-1,-1,-1,-1,1,1,1,1,1,1
2018.05.06,1,1,1,-1,1,-1,1,-1,1,-1,1,1,-1,-1,-1,1,-1,1,1,-1,-1,1,1,1,-1,-1,-1,1
2018.04.29,-1,1,-1,-1,1,1,-1,-1,-1,-1,-1,1,1,1,1,-1,-1,-1,-1,-1,-1,-1,-1,-1,-1,-1,-1,1
2018.04.22,-1,1,-1,-1,1,1,-1,-1,-1,1,-1,1,1,-1,1,-1,-1,-1,1,-1,1,1,1,1,-1,-1,-1,1
2018.04.15,-1,1,-1,-1,1,1,-1,-1,-1,1,-1,1,1,-1,1,-1,-1,-1,-1,1,1,1,-1,-1,-1,1,-1,1
2018.04.08,-1,1,1,1,1,-1,1,1,1,1,1,1,1,1,-1,1,-1,-1,1,-1,-1,-1,1,1,1,-1,1,1
2018.04.01,1,1,1,-1,1,-1,-1,1,1,1,1,1,1,1,-1,1,-1,1,1,-1,-1,-1,1,1,1,-1,-1,-1
2018.03.25,-1,1,-1,-1,1,1,-1,1,-1,1,1,1,1,1,1,1,-1,-1,1,-1,-1,-1,1,1,1,-1,1,-1
2018.03.18,1,-1,1,1,-1,-1,-1,1,1,-1,-1,1,-1,-1,-1,1,-1,1,-1,-1,1,1,1,-1,-1,-1,-1,-1
2018.03.11,-1,1,1,-1,-1,1,-1,-1,1,-1,-1,-1,-1,-1,-1,-1,1,1,-1,1,1,1,-1,-1,-1,1,1,-1
2018.03.04,1,1,1,-1,1,-1,1,1,1,1,-1,1,1,1,-1,1,-1,-1,1,-1,-1,-1,1,1,1,1,1,1
2018.02.25,1,1,-1,1,-1,1,-1,-1,-1,1,-1,-1,-1,-1,1,-1,1,-1,-1,1,1,1,-1,-1,-1,1,1,-1
2018.02.18,1,1,-1,-1,1,1,-1,-1,1,1,-1,1,1,-1,-1,1,1,1,-1,-1,-1,1,-1,-1,-1,-1,-1,1
2018.02.11,-1,-1,1,1,-1,-1,1,1,1,1,-1,-1,-1,1,-1,-1,1,1,-1,1,1,-1,-1,-1,-1,1,1,-1
2018.02.04,1,1,-1,-1,-1,1,-1,-1,-1,-1,-1,-1,-1,1,1,-1,-1,-1,-1,-1,-1,-1,-1,-1,-1,-1,1,-1
2018.01.28,1,-1,-1,1,1,1,-1,-1,-1,1,1,-1,-1,-1,1,1,1,1,1,1,1,1,1,-1,1,-1,1,-1
2018.01.21,1,-1,1,1,-1,-1,1,1,-1,-1,1,-1,-1,-1,-1,1,1,1,-1,-1,-1,1,-1,-1,-1,1,-1,1
2018.01.14,-1,-1,1,1,-1,1,1,1,1,-1,1,-1,1,1,-1,1,1,-1,-1,1,-1,-1,-1,1,-1,1,1,1
2018.01.07,1,-1,1,1,-1,1,1,1,1,1,-1,-1,-1,-1,1,-1,1,1,-1,1,1,1,-1,-1,-1,1,1,-1
2017.12.31,1,1,1,1,1,-1,1,1,1,1,1,1,1,1,-1,1,-1,-1,1,-1,-1,-1,1,1,1,-1,-1,1
2017.12.24,-1,-1,1,1,-1,-1,1,1,-1,-1,1,-1,-1,-1,1,1,-1,-1,1,-1,-1,1,1,1,1,-1,-1,1
2017.12.17,-1,-1,1,1,1,-1,1,1,1,1,1,1,1,1,1,1,-1,-1,1,-1,1,1,1,1,1,-1,-1,1
2017.12.10,-1,-1,-1,-1,-1,1,1,1,-1,-1,-1,-1,1,1,1,-1,-1,-1,-1,1,-1,-1,-1,1,1,1,1,-1
2017.12.03,1,1,-1,-1,1,1,-1,-1,1,1,-1,1,-1,1,-1,1,1,1,-1,1,1,-1,-1,-1,1,1,1,-1
2017.11.26,1,-1,1,-1,1,-1,-1,1,1,-1,1,-1,-1,-1,-1,1,1,1,1,-1,-1,-1,1,1,1,-1,-1,-1
2017.11.19,-1,-1,1,1,-1,-1,1,1,-1,1,1,-1,-1,-1,1,1,1,1,1,1,1,1,-1,1,1,1,1,-1
2017.11.12,1,-1,1,1,-1,1,-1,-1,-1,1,-1,-1,-1,-1,1,-1,1,1,-1,1,1,1,-1,-1,-1,-1,-1,1
2017.11.05,-1,-1,1,1,-1,-1,1,1,1,1,-1,1,-1,-1,-1,1,1,1,1,-1,1,1,1,-1,-1,-1,-1,-1
2017.10.29,-1,1,-1,1,1,-1,-1,1,1,1,1,1,-1,1,1,-1,-1,1,1,-1,1,-1,1,-1,1,-1,-1,-1
2017.10.22,-1,1,-1,-1,-1,1,-1,-1,1,-1,-1,-1,-1,1,-1,-1,1,1,-1,1,1,-1,-1,-1,-1,-1,-1,-1
2017.10.15,-1,1,-1,-1,1,1,-1,-1,1,1,1,-1,1,-1,1,1,-1,1,1,1,1,1,1,1,-1,1,-1,1
2017.10.08,-1,-1,1,1,-1,-1,1,1,1,1,-1,-1,1,1,-1,1,1,-1,1,1,-1,-1,-1,1,1,1,1,-1
2017.10.01,1,1,-1,-1,1,1,-1,-1,-1,1,-1,1,1,-1,1,-1,-1,-1,-1,-1,1,1,-1,-1,-1,-1,-1,1
2017.09.24,-1,-1,-1,-1,1,1,-1,-1,-1,-1,1,-1,-1,-1,-1,-1,1,1,-1,1,1,1,-1,-1,-1,-1,-1,-1
2017.09.17,-1,1,-1,1,1,1,-1,1,1,1,-1,-1,1,1,1,1,1,-1,1,1,1,-1,-1,1,1,1,1,-1
2017.09.10,1,1,1,-1,1,1,-1,1,1,1,1,1,1,1,-1,1,1,1,1,-1,1,-1,1,1,1,-1,1,-1
2017.09.03,1,-1,1,1,-1,-1,1,1,1,-1,-1,1,-1,-1,-1,1,1,1,-1,-1,-1,-1,1,-1,-1,-1,-1,-1
2017.08.27,-1,1,1,-1,1,-1,1,-1,1,1,1,1,1,-1,-1,1,-1,-1,1,-1,-1,1,1,1,-1,-1,-1,1
2017.08.20,-1,-1,1,1,1,-1,1,-1,-1,1,1,-1,-1,-1,1,1,-1,1,1,1,1,1,1,1,-1,-1,-1,1
2017.08.13,-1,1,-1,-1,1,-1,1,-1,-1,-1,-1,1,1,1,1,-1,-1,-1,-1,-1,-1,-1,1,1,1,-1,-1,1
2017.08.06,-1,-1,-1,1,-1,1,-1,-1,-1,-1,-1,-1,-1,-1,1,-1,-1,1,-1,1,1,1,-1,-1,-1,-1,-1,1
2017.07.30,-1,1,-1,1,1,1,-1,-1,-1,1,-1,-1,-1,-1,1,-1,1,-1,1,1,1,1,-1,-1,-1,1,1,1
2017.07.23,1,1,1,1,-1,-1,1,1,1,1,-1,1,1,1,-1,1,1,-1,1,-1,-1,1,1,1,1,1,1,1
2017.07.16,1,-1,-1,1,-1,-1,1,1,-1,-1,1,-1,-1,-1,1,-1,-1,-1,1,1,1,1,-1,-1,1,1,1,-1
2017.07.09,1,-1,1,1,-1,-1,1,1,1,1,-1,1,1,1,-1,1,-1,-1,-1,-1,-1,-1,1,1,-1,1,-1,1
2017.07.02,-1,1,-1,-1,1,-1,-1,-1,-1,1,1,1,-1,-1,1,1,-1,1,1,-1,1,1,1,1,1,-1,-1,-1
2017.06.25,-1,-1,1,1,1,-1,1,1,1,1,1,1,1,-1,-1,1,-1,1,1,-1,1,1,1,1,1,-1,-1,1
2017.06.18,-1,-1,-1,-1,1,1,-1,1,-1,-1,1,-1,-1,1,1,-1,-1,1,1,1,1,-1,-1,-1,1,-1,1,-1
2017.06.11,1,1,1,-1,1,-1,1,1,1,1,-1,1,1,1,-1,1,-1,-1,1,-1,-1,-1,1,1,1,-1,-1,1
2017.06.04,-1,1,-1,-1,-1,-1,1,1,-1,-1,-1,1,1,1,1,-1,1,-1,-1,-1,-1,-1,1,1,1,1,1,1
2017.05.28,1,-1,1,1,-1,1,-1,1,-1,-1,1,-1,-1,-1,1,1,1,1,1,1,1,-1,-1,-1,1,1,1,-1
2017.05.21,1,1,-1,-1,1,-1,-1,1,-1,-1,1,1,-1,1,1,-1,-1,-1,1,-1,-1,-1,1,1,1,-1,1,-1
2017.05.14,1,-1,1,1,-1,-1,1,1,-1,-1,1,-1,-1,-1,1,-1,-1,1,1,1,1,1,-1,-1,-1,-1,-1,-1
2017.05.07,-1,1,-1,-1,1,1,-1,-1,1,1,-1,1,1,1,-1,-1,-1,-1,-1,-1,-1,-1,-1,-1,-1,-1,-1,1
2017.04.30,-1,-1,1,1,1,1,-1,1,-1,1,1,-1,-1,-1,1,1,1,1,1,1,1,1,1,1,1,-1,1,-1
2017.04.23,1,1,1,-1,1,1,-1,-1,1,1,1,-1,-1,-1,-1,1,1,1,1,1,1,1,-1,-1,-1,1,-1,1
2017.04.16,-1,-1,1,1,1,1,-1,1,1,-1,1,-1,-1,-1,-1,1,1,1,1,1,1,1,-1,-1,1,1,1,-1
2017.04.09,1,-1,1,1,-1,-1,1,1,1,-1,-1,1,1,1,-1,-1,1,-1,-1,-1,-1,-1,-1,-1,-1,1,1,1
2017.04.02,1,1,-1,-1,-1,1,-1,-1,-1,1,-1,-1,-1,-1,1,-1,-1,1,-1,-1,1,1,-1,-1,-1,-1,-1,-1
2017.03.26,-1,1,1,-1,1,-1,-1,-1,1,-1,-1,1,1,1,-1,1,1,1,-1,-1,-1,-1,1,1,-1,-1,-1,1
2017.03.19,-1,-1,1,1,-1,1,-1,-1,-1,-1,-1,-1,-1,-1,-1,-1,1,1,-1,1,1,1,-1,-1,-1,-1,1,-1
2017.03.05,1,1,-1,1,1,1,-1,-1,-1,1,1,-1,-1,-1,1,-1,-1,-1,1,1,1,1,-1,1,-1,1,-1,1
2017.02.26,-1,-1,-1,1,1,1,-1,-1,-1,1,1,-1,-1,-1,1,1,1,-1,1,1,1,1,-1,1,-1,1,-1,1
2017.02.19,-1,1,1,-1,-1,-1,-1,-1,1,-1,-1,1,1,1,-1,-1,1,1,-1,-1,-1,-1,-1,-1,-1,-1,-1,-1
2017.02.12,-1,-1,-1,-1,-1,1,-1,-1,-1,-1,-1,-1,-1,-1,1,-1,-1,-1,-1,-1,-1,1,-1,-1,-1,-1,-1,1
2017.02.05,-1,1,-1,-1,1,1,1,-1,1,-1,-1,1,1,-1,-1,1,1,-1,-1,-1,-1,1,1,1,-1,1,-1,1
2017.01.29,-1,-1,-1,1,-1,-1,1,1,-1,-1,-1,1,1,1,1,-1,-1,-1,-1,-1,-1,1,-1,-1,-1,1,-1,1
2017.01.22,-1,-1,1,-1,1,-1,-1,1,1,-1,1,1,-1,1,-1,1,1,1,1,-1,1,-1,1,1,1,-1,1,-1
2017.01.15,1,-1,1,1,1,1,1,1,1,1,1,-1,1,-1,-1,1,1,1,1,1,-1,1,-1,1,1,1,1,1
2017.01.08,1,-1,-1,1,-1,-1,1,1,-1,1,-1,-1,1,1,1,-1,-1,-1,-1,1,-1,-1,-1,1,-1,1,1,1
2017.01.01,1,-1,-1,1,1,-1,1,1,-1,-1,1,1,1,1,1,-1,-1,-1,1,-1,-1,-1,1,1,1,-1,-1,1
2016.12.25,-1,-1,1,1,-1,-1,1,1,-1,-1,1,-1,-1,-1,1,1,-1,1,1,-1,1,-1,1,1,1,-1,1,-1
2016.12.18,1,-1,-1,1,-1,1,-1,-1,-1,-1,-1,-1,-1,-1,1,-1,-1,-1,-1,1,1,1,-1,-1,-1,1,1,-1
2016.12.11,1,1,-1,-1,1,1,-1,-1,1,-1,1,-1,-1,-1,-1,1,1,1,1,1,1,1,1,1,-1,-1,-1,1
2016.12.04,-1,1,-1,-1,1,-1,-1,1,-1,-1,1,1,1,1,1,1,-1,-1,1,-1,-1,-1,1,1,1,-1,-1,1
2016.11.27,-1,-1,1,1,1,-1,1,1,1,1,1,1,1,1,-1,1,1,1,1,-1,1,-1,1,1,1,-1,-1,-1
2016.11.20,-1,1,1,-1,1,1,1,1,1,1,1,-1,1,1,-1,1,1,-1,1,1,-1,-1,1,1,1,1,1,1
2016.11.13,1,1,-1,-1,1,-1,-1,-1,1,-1,1,1,-1,-1,-1,1,-1,1,1,-1,1,-1,1,1,1,-1,-1,-1
2016.11.06,-1,1,1,-1,1,1,-1,-1,1,-1,1,-1,-1,-1,-1,1,1,1,1,-1,-1,1,1,1,-1,-1,-1,1
2016.10.30,-1,-1,1,1,-1,-1,1,1,1,-1,1,-1,-1,1,-1,1,1,1,-1,1,1,-1,-1,-1,1,1,1,-1
2016.10.23,1,-1,-1,1,1,1,-1,-1,-1,1,1,-1,-1,-1,1,1,1,-1,1,1,1,1,1,1,1,1,1,-1
2016.10.16,1,1,1,-1,-1,1,-1,1,1,-1,-1,-1,1,1,-1,1,1,1,-1,1,-1,-1,-1,-1,1,1,1,-1
2016.10.09,1,1,-1,-1,1,-1,1,-1,-1,-1,-1,1,1,-1,-1,-1,-1,-1,-1,-1,-1,-1,1,1,-1,-1,-1,1
2016.10.02,-1,1,-1,-1,1,1,-1,-1,-1,1,1,-1,-1,-1,1,-1,-1,-1,1,1,1,1,1,1,-1,1,-1,1
2016.09.25,-1,1,1,1,1,-1,1,1,1,1,1,1,1,1,1,1,-1,-1,1,-1,-1,-1,1,1,1,1,1,1
2016.09.18,1,-1,-1,1,-1,-1,1,-1,-1,-1,-1,-1,1,-1,1,-1,-1,-1,-1,1,-1,1,-1,1,-1,1,-1,1
2016.09.11,-1,1,-1,-1,-1,1,-1,-1,-1,-1,-1,-1,-1,-1,1,-1,-1,-1,-1,1,-1,-1,-1,-1,-1,1,1,1
2016.09.04,1,-1,-1,1,-1,1,-1,1,-1,-1,-1,-1,-1,-1,1,-1,1,1,-1,1,1,-1,-1,-1,-1,-1,1,-1
2016.08.28,1,1,1,-1,1,-1,-1,1,1,-1,1,-1,1,1,-1,1,1,1,1,-1,-1,-1,1,1,1,-1,1,-1
2016.08.21,1,1,1,-1,1,1,-1,-1,1,1,-1,1,1,1,-1,1,1,1,-1,-1,-1,-1,1,1,1,1,1,-1
2016.08.14,1,-1,1,1,-1,-1,-1,1,-1,-1,1,-1,-1,-1,1,1,1,1,1,1,1,1,-1,-1,1,-1,1,-1
2016.08.07,1,-1,-1,1,-1,-1,1,1,-1,1,1,1,1,1,1,-1,-1,-1,1,-1,1,-1,1,-1,1,-1,-1,-1
2016.07.31,-1,1,-1,-1,-1,1,1,-1,1,1,-1,1,1,1,1,-1,-1,-1,-1,1,-1,1,-1,-1,-1,1,1,1
2016.07.24,1,-1,1,1,-1,-1,1,1,-1,1,-1,-1,1,1,1,-1,-1,-1,-1,1,-1,-1,-1,-1,-1,1,1,-1
2016.07.17,1,1,-1,-1,1,1,-1,-1,-1,-1,1,-1,-1,-1,-1,1,1,1,-1,1,1,1,-1,-1,-1,-1,-1,1
2016.07.10,-1,1,1,-1,1,-1,1,-1,1,-1,1,1,-1,-1,-1,1,1,1,1,-1,-1,1,1,1,1,-1,-1,1
2016.07.03,-1,1,-1,-1,-1,1,1,1,-1,1,-1,-1,1,1,1,-1,-1,-1,-1,1,-1,-1,-1,-1,-1,1,1,-1
2016.06.26,1,-1,-1,1,1,-1,1,1,-1,1,1,1,1,1,1,-1,-1,-1,1,1,1,-1,1,1,1,1,1,-1
2016.06.19,1,1,-1,-1,-1,1,1,1,-1,-1,-1,1,1,1,1,-1,-1,-1,-1,-1,-1,-1,-1,-1,-1,1,1,-1
2016.06.12,1,-1,1,1,-1,1,-1,-1,1,-1,-1,-1,-1,-1,-1,-1,1,1,-1,1,-1,1,-1,-1,-1,1,1,1
2016.06.05,1,-1,-1,-1,1,-1,1,1,-1,-1,1,1,-1,1,1,-1,-1,-1,-1,-1,-1,-1,1,1,1,-1,1,-1
2016.05.29,1,-1,-1,1,-1,-1,1,1,-1,1,-1,-1,1,1,1,-1,-1,-1,-1,1,-1,-1,-1,-1,1,1,1,-1
2016.05.22,1,1,1,-1,1,-1,-1,-1,1,-1,-1,1,-1,-1,-1,1,1,1,-1,-1,-1,1,1,-1,-1,-1,-1,1
2016.05.15,-1,1,1,-1,1,1,-1,-1,1,1,-1,1,1,1,-1,1,1,1,1,1,-1,-1,1,1,1,1,1,-1
2016.05.08,1,1,-1,-1,1,-1,-1,-1,-1,-1,1,1,-1,-1,-1,1,-1,1,1,-1,1,1,1,1,1,-1,-1,-1
2016.05.01,-1,1,-1,-1,1,1,-1,-1,1,1,-1,-1,-1,-1,1,-1,1,1,1,1,1,1,-1,-1,-1,-1,1,-1
2016.04.24,1,-1,1,1,-1,-1,-1,1,-1,1,-1,-1,-1,-1,1,-1,1,1,-1,1,1,1,-1,-1,-1,-1,1,-1
2016.04.17,1,1,1,-1,1,-1,1,-1,1,1,1,1,1,1,-1,1,-1,1,1,-1,-1,-1,1,1,1,-1,-1,1
2016.04.10,-1,1,1,-1,1,-1,1,1,1,1,-1,1,1,1,-1,1,-1,-1,-1,-1,-1,-1,1,1,1,1,1,1
2016.04.03,1,-1,-1,-1,-1,-1,-1,-1,-1,-1,-1,-1,-1,-1,1,-1,-1,1,-1,-1,1,1,-1,-1,-1,-1,-1,-1
2016.03.27,-1,-1,1,1,-1,-1,1,1,-1,-1,1,-1,1,1,1,-1,-1,-1,1,1,-1,-1,1,1,1,1,1,-1
2016.03.20,1,1,-1,-1,1,1,-1,-1,-1,-1,1,-1,-1,-1,1,-1,-1,-1,1,1,-1,1,-1,1,-1,1,1,1
2016.03.13,1,-1,1,1,-1,-1,1,1,-1,-1,-1,1,-1,-1,1,-1,-1,-1,-1,-1,1,1,-1,-1,-1,-1,-1,-1
2016.03.06,-1,-1,1,1,-1,-1,1,-1,1,1,1,-1,1,-1,1,1,1,-1,1,1,-1,1,1,1,-1,1,-1,1
2016.02.28,-1,-1,1,1,-1,-1,1,1,1,1,1,1,1,1,-1,1,1,-1,1,-1,-1,-1,1,1,1,1,1,1
2016.02.21,1,1,-1,-1,1,-1,-1,-1,-1,-1,1,1,1,1,1,-1,-1,-1,-1,-1,-1,-1,1,1,1,-1,-1,-1
2016.02.14,-1,1,-1,-1,-1,-1,1,1,1,1,-1,1,1,1,-1,-1,-1,-1,-1,-1,-1,-1,-1,-1,-1,1,-1,1
2016.02.07,-1,-1,1,1,-1,-1,1,-1,-1,-1,-1,-1,-1,-1,1,-1,-1,-1,-1,1,1,1,-1,-1,-1,1,-1,1
2016.01.31,-1,-1,1,1,-1,-1,-1,1,-1,-1,-1,-1,-1,-1,1,-1,1,1,-1,1,1,1,-1,-1,-1,-1,1,-1
2016.01.24,1,1,-1,1,1,-1,1,-1,1,1,1,1,1,1,1,1,-1,-1,1,-1,-1,1,1,1,1,-1,-1,1
2016.01.17,-1,1,1,-1,1,-1,1,1,1,1,1,1,1,1,-1,1,-1,-1,1,-1,-1,-1,1,1,1,-1,-1,1
2016.01.10,-1,1,-1,-1,-1,1,-1,-1,-1,1,-1,-1,-1,-1,1,-1,1,-1,-1,1,1,1,-1,-1,-1,1,1,-1
2016.01.03,1,-1,-1,1,-1,1,-1,-1,-1,-1,-1,-1,-1,-1,1,-1,1,1,-1,1,1,1,-1,-1,-1,-1,-1,-1
2015.12.27,-1,1,-1,-1,1,1,1,1,1,1,-1,1,1,1,1,-1,-1,-1,-1,-1,-1,-1,1,1,1,1,1,1
2015.12.20,1,-1,1,1,-1,-1,1,1,-1,1,-1,1,1,1,1,-1,-1,-1,1,1,-1,-1,-1,1,1,1,1,-1
2015.12.13,1,1,-1,-1,1,1,-1,1,-1,-1,-1,-1,1,1,1,-1,-1,-1,-1,1,-1,-1,-1,-1,1,1,1,-1
2015.12.06,1,-1,1,1,-1,1,-1,-1,-1,-1,-1,-1,-1,-1,1,-1,1,1,-1,1,1,1,-1,-1,-1,1,1,-1
2015.11.29,1,-1,1,1,1,-1,1,1,-1,-1,1,-1,-1,1,1,1,1,-1,1,1,1,-1,1,1,1,1,1,-1
2015.11.22,1,1,-1,-1,-1,1,-1,-1,1,1,-1,1,1,1,1,-1,-1,-1,-1,-1,1,-1,-1,-1,-1,-1,1,-1
2015.11.15,1,1,-1,-1,1,1,1,1,1,1,-1,1,1,1,-1,1,1,-1,-1,-1,-1,-1,1,1,1,1,1,1
2015.11.08,1,1,1,1,-1,1,1,1,1,1,-1,-1,1,1,-1,1,1,-1,-1,1,-1,-1,-1,1,-1,1,1,1
2015.11.01,1,1,-1,-1,1,1,-1,-1,-1,-1,1,1,1,-1,-1,-1,-1,-1,-1,-1,-1,1,1,1,-1,1,-1,1
2015.10.25,-1,1,1,-1,-1,-1,-1,1,1,1,-1,1,-1,1,-1,1,1,1,-1,-1,1,-1,1,-1,-1,-1,-1,-1
2015.10.18,-1,1,-1,-1,1,1,-1,-1,1,-1,-1,1,1,1,-1,1,1,-1,-1,-1,-1,-1,-1,1,1,1,1,1
2015.10.11,1,-1,1,-1,-1,-1,-1,1,1,-1,1,-1,-1,1,-1,1,1,1,-1,-1,1,-1,-1,-1,1,-1,1,-1
2015.10.04,1,-1,1,1,1,-1,1,1,-1,1,1,1,1,1,1,1,-1,-1,1,-1,-1,-1,1,1,1,1,1,1
2015.09.27,1,-1,-1,1,-1,-1,1,1,-1,-1,1,1,-1,1,1,-1,-1,-1,-1,-1,-1,-1,1,-1,1,-1,-1,-1
2015.09.20,-1,1,-1,-1,1,1,-1,-1,-1,1,-1,1,-1,1,1,-1,-1,-1,-1,1,1,-1,-1,-1,1,-1,1,-1
2015.09.13,1,-1,1,-1,-1,-1,1,1,1,-1,-1,1,1,1,-1,1,1,-1,-1,-1,-1,-1,-1,1,1,1,1,1
2015.09.06,1,-1,1,1,1,1,1,1,1,1,1,-1,1,1,1,1,1,-1,1,1,-1,1,1,1,1,1,1,1
2015.08.30,1,1,-1,-1,-1,1,-1,-1,-1,1,-1,1,-1,-1,1,-1,-1,1,-1,1,1,1,-1,-1,-1,-1,-1,-1
2015.08.23,-1,1,-1,-1,-1,1,-1,-1,-1,-1,-1,1,-1,-1,1,-1,-1,-1,-1,-1,1,1,-1,-1,-1,-1,-1,1
2015.08.16,-1,-1,1,1,-1,1,-1,1,-1,-1,1,-1,-1,-1,1,-1,1,1,1,1,1,1,-1,-1,1,-1,1,-1
2015.08.09,1,-1,1,1,1,-1,-1,-1,1,1,1,-1,-1,-1,1,1,1,1,1,1,1,1,1,-1,-1,-1,-1,1
2015.08.02,-1,1,-1,-1,1,1,1,1,1,1,-1,1,1,1,1,-1,-1,-1,1,1,-1,-1,-1,1,1,1,1,1
2015.07.26,1,1,1,1,1,1,1,1,1,1,-1,-1,1,1,-1,1,1,1,1,1,-1,-1,-1,1,1,1,1,-1
2015.07.19,1,1,-1,1,-1,1,-1,1,-1,1,-1,-1,-1,1,1,-1,-1,1,1,1,1,1,-1,-1,1,-1,1,-1
2015.07.12,1,1,1,-1,1,1,-1,-1,1,-1,-1,1,1,-1,-1,1,1,1,-1,-1,-1,1,-1,1,-1,1,-1,1
2015.07.05,-1,-1,-1,1,1,1,-1,1,-1,1,1,-1,-1,1,1,1,1,1,1,1,1,1,1,1,1,-1,1,-1
2015.06.28,1,1,-1,1,1,1,-1,-1,-1,1,-1,-1,-1,-1,1,-1,1,1,1,1,1,1,-1,-1,-1,1,-1,1
2015.06.21,-1,1,-1,-1,1,1,-1,-1,1,1,-1,1,1,1,-1,-1,-1,1,-1,-1,-1,-1,1,-1,-1,-1,-1,-1
2015.06.14,-1,-1,1,1,-1,-1,1,-1,1,-1,1,-1,-1,-1,-1,1,1,1,1,1,1,1,-1,-1,-1,-1,-1,1
2015.06.07,-1,-1,1,1,-1,-1,1,-1,1,1,-1,-1,-1,-1,-1,1,1,1,-1,1,1,1,-1,-1,-1,1,-1,1
2015.05.31,-1,-1,-1,1,1,-1,-1,-1,-1,1,1,1,-1,-1,1,1,-1,1,1,1,1,1,1,1,1,-1,-1,1
2015.05.24,-1,-1,-1,-1,1,1,-1,-1,-1,-1,1,-1,-1,-1,1,1,1,1,1,1,1,1,1,-1,-1,-1,-1,1
2015.05.17,-1,1,-1,-1,1,1,-1,-1,1,-1,-1,1,1,1,-1,1,1,1,-1,-1,-1,-1,-1,-1,-1,-1,1,-1
2015.05.10,1,-1,1,1,-1,-1,1,1,1,1,1,-1,-1,-1,1,1,1,1,1,1,1,1,1,1,-1,1,-1,1
2015.05.03,-1,-1,1,1,-1,-1,1,-1,1,-1,-1,1,1,-1,-1,1,1,1,-1,-1,-1,1,1,1,-1,1,-1,1
2015.04.26,-1,-1,-1,1,1,-1,1,-1,-1,1,1,-1,-1,-1,1,1,-1,-1,1,1,1,1,1,1,1,1,-1,1
2015.04.19,-1,1,1,1,1,-1,1,-1,1,1,-1,1,1,-1,-1,1,1,1,1,1,1,1,1,1,-1,-1,-1,1
2015.04.12,-1,-1,1,1,-1,-1,1,1,-1,-1,1,-1,-1,-1,-1,1,-1,1,1,-1,1,-1,1,1,1,-1,-1,-1
2015.04.05,-1,1,-1,-1,1,1,1,-1,1,-1,-1,1,1,1,-1,-1,-1,-1,-1,-1,-1,-1,1,1,1,1,-1,1
2015.03.29,-1,-1,1,1,-1,-1,-1,1,-1,-1,1,-1,-1,-1,1,1,-1,1,1,-1,1,1,1,-1,1,-1,-1,-1
2015.03.22,-1,-1,-1,1,-1,1,-1,-1,-1,-1,1,-1,-1,-1,1,-1,-1,-1,-1,1,1,1,-1,-1,-1,-1,1,-1
2015.03.15,1,-1,1,1,-1,-1,1,1,-1,1,1,-1,-1,1,1,1,-1,-1,1,1,1,-1,1,1,1,-1,1,-1
2015.03.08,1,1,-1,-1,1,1,-1,-1,-1,-1,-1,1,1,1,-1,-1,-1,-1,-1,-1,-1,-1,-1,-1,1,1,1,-1
2015.03.01,1,1,-1,-1,1,1,-1,-1,1,1,-1,1,1,1,-1,-1,-1,-1,-1,-1,-1,-1,-1,-1,-1,-1,-1,1
2015.02.22,-1,1,1,-1,1,-1,-1,1,1,-1,-1,1,1,1,-1,1,1,1,-1,-1,-1,-1,1,-1,1,-1,1,-1
2015.02.15,1,1,-1,-1,1,1,1,1,1,1,-1,1,1,1,1,1,1,-1,1,1,-1,-1,-1,1,1,1,1,1
2015.02.08,1,1,1,1,-1,-1,-1,1,1,1,-1,1,1,1,-1,1,1,1,1,1,1,-1,1,-1,1,-1,1,-1
2015.02.01,1,-1,1,-1,1,-1,1,1,1,-1,1,1,1,1,-1,1,-1,1,1,-1,-1,-1,1,1,1,-1,1,-1
2015.01.25,1,1,1,1,-1,1,-1,-1,1,1,-1,1,1,1,1,1,1,1,1,1,1,1,-1,-1,-1,1,-1,1
2015.01.18,-1,1,-1,-1,1,1,-1,-1,1,-1,-1,-1,-1,-1,-1,-1,1,1,-1,1,1,1,-1,-1,-1,-1,-1,1
2014.12.28,-1,1,-1,-1,1,1,-1,-1,-1,1,-1,-1,1,1,1,-1,-1,-1,-1,-1,-1,-1,-1,-1,-1,1,1,1
2014.12.21,1,1,-1,-1,1,1,-1,1,-1,-1,1,1,1,1,1,1,-1,-1,1,-1,-1,-1,1,1,1,-1,1,-1
2014.12.14,1,1,-1,-1,1,1,-1,-1,1,1,-1,1,1,1,-1,1,-1,1,-1,-1,-1,-1,1,-1,1,-1,-1,-1
2014.12.07,-1,-1,1,1,-1,1,-1,1,-1,1,-1,-1,-1,-1,1,-1,1,1,-1,1,1,1,-1,-1,-1,1,1,-1
2014.11.30,1,1,-1,-1,1,1,-1,-1,1,-1,1,1,-1,-1,-1,1,-1,1,1,-1,1,1,1,1,1,-1,-1,-1
2014.11.23,-1,-1,1,1,1,1,-1,-1,-1,1,1,-1,-1,-1,1,1,1,1,1,1,1,1,-1,-1,1,-1,1,-1
2014.11.16,1,1,-1,-1,1,-1,-1,-1,1,-1,-1,1,1,1,-1,1,-1,1,-1,-1,-1,-1,1,-1,1,-1,-1,-1
2014.11.09,-1,-1,-1,1,1,-1,1,1,-1,-1,1,-1,1,1,1,1,-1,-1,1,1,-1,-1,1,1,1,1,1,-1
2014.11.02,1,1,-1,-1,1,1,-1,-1,-1,-1,1,-1,-1,-1,1,1,-1,1,1,1,1,-1,1,1,1,-1,1,-1
2014.10.26,1,1,-1,-1,1,1,-1,-1,1,-1,1,1,1,1,-1,1,-1,-1,1,-1,-1,-1,1,1,1,1,-1,1
2014.10.19,-1,1,-1,-1,1,-1,1,-1,1,-1,1,1,1,-1,-1,1,-1,-1,1,-1,-1,1,1,1,-1,-1,-1,1
2014.10.12,-1,-1,1,1,-1,1,1,1,-1,-1,1,-1,-1,1,1,-1,1,-1,1,1,1,-1,-1,1,1,1,1,-1
2014.10.05,1,-1,1,1,-1,-1,1,1,-1,-1,-1,-1,-1,-1,1,-1,1,1,-1,1,1,1,-1,-1,-1,-1,1,-1
2014.09.28,1,1,-1,-1,1,1,-1,-1,-1,1,-1,1,1,1,1,-1,-1,-1,-1,-1,-1,-1,-1,-1,-1,-1,-1,1
2014.09.21,-1,1,-1,-1,1,1,-1,-1,1,-1,-1,-1,-1,-1,-1,-1,1,1,-1,1,1,1,-1,-1,-1,-1,-1,1
2014.09.14,-1,1,1,-1,1,-1,-1,-1,1,-1,1,1,-1,1,-1,1,-1,1,1,-1,-1,-1,1,1,1,-1,-1,-1
2014.09.07,-1,1,1,1,1,1,-1,-1,1,1,1,-1,-1,-1,-1,1,1,1,1,1,1,1,1,-1,1,-1,-1,-1
2014.08.31,-1,1,-1,-1,1,1,1,-1,-1,-1,-1,1,1,1,1,-1,-1,-1,-1,-1,-1,-1,1,1,1,1,-1,1
2014.08.24,-1,1,1,-1,-1,-1,1,1,1,-1,-1,1,1,1,-1,1,-1,-1,-1,-1,-1,-1,1,1,-1,-1,-1,1
2014.08.17,-1,1,-1,-1,1,1,-1,-1,1,-1,1,1,1,1,-1,1,-1,-1,1,-1,-1,-1,1,1,1,1,-1,1
2014.08.10,-1,-1,-1,-1,1,-1,1,1,-1,-1,1,1,1,-1,1,-1,-1,-1,1,-1,-1,-1,1,1,1,-1,-1,1
2014.08.03,-1,-1,-1,-1,-1,1,-1,-1,-1,-1,-1,-1,-1,-1,1,-1,1,-1,-1,1,1,1,-1,-1,-1,1,-1,1
2014.07.27,-1,1,-1,-1,1,1,-1,-1,-1,1,1,-1,-1,-1,1,-1,1,-1,1,1,1,1,-1,-1,1,-1,1,-1
2014.07.20,1,1,-1,-1,1,1,-1,-1,1,-1,-1,-1,1,-1,-1,-1,1,-1,-1,-1,-1,1,-1,1,-1,1,-1,1
2014.07.13,-1,1,-1,-1,1,1,1,-1,1,1,-1,1,1,-1,-1,-1,-1,-1,-1,-1,-1,1,-1,1,-1,1,-1,1
2014.07.06,-1,-1,-1,1,-1,1,1,1,-1,-1,-1,-1,1,1,1,-1,1,-1,-1,1,-1,-1,-1,-1,1,1,1,-1
2014.06.29,1,1,1,-1,1,-1,-1,-1,1,-1,1,1,-1,-1,-1,1,1,1,1,-1,1,-1,1,-1,1,-1,-1,-1
2014.06.22,-1,-1,1,1,-1,-1,1,1,-1,-1,-1,1,-1,1,1,-1,-1,-1,-1,-1,-1,-1,1,-1,1,-1,-1,-1
2014.06.15,-1,-1,1,1,1,-1,-1,1,-1,-1,1,1,-1,-1,1,1,-1,1,1,-1,1,1,1,-1,1,-1,-1,-1
2014.06.08,-1,1,1,-1,-1,-1,1,1,1,-1,-1,1,1,1,-1,1,1,1,-1,-1,-1,-1,1,1,1,-1,1,-1
2014.06.01,1,-1,1,1,1,1,1,1,1,-1,1,-1,1,-1,-1,1,1,-1,1,1,-1,-1,-1,1,1,1,1,1
2014.05.25,1,-1,-1,1,-1,-1,1,-1,-1,-1,-1,1,1,-1,1,-1,-1,-1,-1,-1,-1,1,1,1,-1,1,-1,1
2014.05.18,-1,1,1,-1,1,-1,-1,-1,1,-1,1,1,-1,-1,-1,1,1,1,-1,-1,1,1,1,-1,-1,-1,-1,-1
2014.05.11,-1,1,-1,-1,-1,-1,1,1,1,1,-1,1,1,1,-1,-1,-1,-1,-1,-1,-1,-1,-1,-1,-1,-1,-1,-1
2014.05.04,-1,1,-1,-1,-1,-1,1,-1,1,1,-1,1,1,1,-1,-1,-1,-1,-1,-1,-1,-1,1,1,-1,1,-1,1
2014.04.27,-1,-1,1,1,1,-1,1,1,1,-1,1,1,-1,1,-1,1,-1,1,1,-1,1,-1,1,1,1,-1,1,-1
2014.04.20,1,-1,-1,1,-1,1,-1,1,-1,-1,-1,-1,-1,-1,1,-1,1,1,-1,1,1,1,-1,-1,-1,-1,1,-1
2014.04.13,1,1,1,-1,1,1,-1,-1,1,1,-1,1,1,-1,-1,1,1,1,1,1,1,1,1,1,-1,-1,-1,1
2014.04.06,-1,-1,1,1,-1,-1,1,1,-1,-1,1,-1,-1,-1,1,-1,1,-1,-1,1,1,1,-1,-1,-1,1,1,-1
2014.03.30,1,1,-1,-1,1,-1,1,-1,1,1,-1,1,1,-1,1,-1,-1,-1,-1,-1,-1,1,1,1,-1,-1,-1,1
2014.03.23,-1,1,1,-1,1,-1,1,1,1,1,1,1,1,1,-1,1,-1,-1,1,-1,-1,-1,1,1,1,1,-1,1
2014.03.16,-1,1,-1,-1,1,1,1,1,1,1,-1,1,1,1,1,-1,1,-1,1,1,-1,-1,-1,1,1,1,1,1
2014.03.09,1,-1,-1,1,-1,1,-1,1,-1,-1,-1,-1,-1,-1,1,-1,-1,-1,-1,1,1,-1,-1,-1,-1,-1,1,-1
2014.03.02,1,-1,-1,1,1,1,1,1,-1,1,1,-1,1,1,1,1,1,-1,1,1,-1,-1,1,1,1,1,1,1
2014.02.23,1,-1,1,1,-1,-1,-1,1,-1,-1,-1,-1,-1,1,-1,-1,1,1,-1,1,1,-1,-1,-1,1,-1,1,-1
2014.02.16,1,-1,-1,1,1,1,-1,-1,-1,-1,1,-1,-1,-1,1,-1,1,1,1,1,1,1,-1,-1,-1,1,1,1
2014.02.09,1,-1,1,1,-1,-1,1,1,1,-1,-1,-1,1,1,-1,1,1,1,-1,-1,-1,-1,-1,1,1,1,1,-1
2014.02.02,1,-1,-1,1,1,-1,1,1,-1,1,1,-1,1,1,1,1,-1,-1,1,1,-1,-1,1,1,1,1,1,-1
2014.01.26,1,1,-1,-1,-1,1,1,-1,1,-1,-1,1,1,-1,-1,-1,1,-1,-1,-1,-1,1,-1,1,-1,1,-1,1
2014.01.19,-1,-1,1,1,-1,1,-1,-1,-1,-1,-1,-1,-1,-1,1,-1,1,1,-1,1,1,1,-1,-1,-1,-1,1,-1
2014.01.12,1,1,-1,-1,1,1,-1,-1,1,-1,-1,1,-1,1,-1,-1,1,1,-1,-1,1,-1,-1,-1,-1,-1,1,-1
2014.01.05,1,-1,1,1,-1,1,1,1,1,1,-1,-1,1,1,1,-1,1,1,-1,1,-1,1,-1,-1,-1,1,1,1
2013.12.29,1,1,-1,-1,-1,-1,1,1,1,1,-1,1,1,1,-1,-1,-1,-1,-1,-1,-1,-1,1,1,1,1,1,-1
2013.12.22,1,-1,1,1,1,1,-1,-1,1,1,1,-1,-1,-1,-1,1,1,1,1,1,1,1,1,1,1,-1,-1,1
2013.12.15,-1,1,1,-1,1,1,-1,-1,1,1,1,1,1,-1,-1,1,1,1,1,-1,-1,1,1,1,-1,-1,-1,1
2013.12.08,-1,-1,-1,1,1,-1,-1,-1,-1,-1,1,1,-1,-1,1,-1,-1,1,1,-1,1,1,1,-1,-1,-1,-1,-1
2013.12.01,-1,-1,-1,1,1,1,-1,1,-1,-1,1,-1,-1,-1,1,1,1,1,1,1,1,-1,1,1,1,-1,1,-1
2013.11.24,1,-1,1,1,1,1,-1,-1,1,1,1,-1,-1,-1,-1,1,1,1,1,1,1,1,1,1,1,1,1,-1
2013.11.17,1,-1,1,1,1,1,-1,-1,-1,-1,1,-1,-1,-1,-1,1,1,1,1,1,1,1,1,-1,-1,-1,-1,-1
2013.11.10,-1,-1,1,1,1,-1,-1,1,-1,1,1,-1,-1,1,1,1,1,1,1,1,1,-1,1,1,1,-1,1,-1
2013.11.03,1,1,1,-1,1,1,-1,-1,1,1,-1,1,1,1,-1,1,1,1,-1,-1,-1,-1,-1,-1,1,-1,1,-1
2013.10.27,1,1,-1,-1,1,-1,-1,-1,1,-1,-1,1,1,1,-1,-1,-1,-1,-1,-1,-1,-1,1,-1,1,-1,-1,-1
2013.10.20,-1,-1,-1,1,-1,1,-1,-1,-1,-1,1,-1,-1,-1,1,-1,1,1,1,1,1,1,-1,-1,-1,1,-1,1
2013.10.13,-1,-1,1,1,-1,-1,1,1,1,1,1,-1,1,1,-1,1,1,-1,1,1,-1,-1,1,1,1,1,1,1
2013.10.06,1,1,-1,-1,1,1,1,-1,1,1,1,-1,1,1,1,1,1,-1,1,1,-1,-1,1,1,1,1,1,1
2013.09.29,1,1,-1,1,-1,-1,1,1,-1,1,-1,1,1,1,1,-1,-1,-1,1,1,-1,-1,1,1,1,1,1,1
2013.09.22,1,-1,1,-1,-1,-1,-1,-1,1,-1,-1,-1,-1,-1,-1,-1,1,1,-1,-1,1,1,-1,-1,-1,-1,-1,1
2013.09.15,-1,-1,1,1,1,-1,1,1,-1,-1,1,-1,-1,1,1,1,1,-1,1,1,1,-1,1,1,1,-1,1,-1
2013.09.08,1,-1,1,1,-1,-1,1,1,1,-1,1,-1,-1,1,-1,1,1,1,1,1,1,-1,1,1,1,-1,1,-1
2013.09.01,1,1,1,-1,1,-1,1,1,1,1,1,1,1,1,-1,1,-1,-1,1,-1,-1,-1,1,1,1,1,1,-1
2013.08.25,1,1,-1,-1,-1,1,-1,-1,1,-1,-1,1,-1,-1,-1,-1,-1,1,-1,-1,1,-1,-1,-1,-1,-1,-1,-1
2013.08.18,-1,-1,-1,1,1,1,-1,-1,-1,-1,1,-1,-1,-1,1,1,1,1,1,1,1,1,-1,-1,-1,-1,-1,1
2013.08.11,-1,1,1,-1,1,1,1,1,1,1,1,1,1,1,-1,1,1,1,1,1,-1,-1,1,1,1,1,1,-1
2013.08.04,1,-1,1,1,-1,-1,1,1,1,-1,-1,1,1,1,-1,-1,1,-1,-1,-1,-1,-1,-1,1,1,1,1,-1
2013.07.28,1,1,-1,1,1,1,-1,-1,-1,1,1,-1,-1,-1,1,1,1,1,1,1,1,1,-1,-1,-1,-1,-1,-1
2013.07.21,-1,-1,1,1,-1,-1,1,1,-1,-1,-1,-1,-1,1,1,-1,-1,-1,-1,1,1,-1,-1,-1,-1,1,1,-1
2013.07.14,1,-1,1,1,1,-1,1,1,1,1,1,-1,1,1,-1,1,1,-1,1,1,-1,-1,1,1,1,1,1,-1
2013.07.07,1,-1,1,1,-1,-1,-1,1,-1,-1,-1,-1,-1,-1,1,-1,-1,1,-1,1,1,1,-1,-1,-1,-1,-1,-1
2013.06.30,-1,1,-1,-1,1,1,-1,-1,-1,1,-1,1,1,1,1,-1,-1,-1,1,-1,-1,-1,1,1,1,-1,1,-1
2013.06.23,1,1,-1,-1,1,1,-1,-1,-1,1,1,1,-1,1,1,-1,-1,-1,1,-1,1,-1,1,1,1,-1,1,-1
2013.06.16,1,1,-1,-1,1,1,-1,-1,-1,-1,1,-1,-1,-1,1,1,1,1,1,1,1,1,1,1,-1,-1,-1,1
2013.06.09,-1,-1,1,1,-1,-1,1,1,-1,-1,-1,-1,1,1,1,-1,1,-1,-1,1,-1,-1,-1,-1,-1,1,1,-1
2013.06.02,1,-1,1,1,-1,-1,-1,-1,-1,-1,-1,-1,-1,-1,-1,-1,1,1,-1,1,1,1,-1,-1,-1,-1,-1,-1
2013.05.26,-1,-1,1,1,-1,1,-1,-1,-1,-1,-1,-1,-1,-1,-1,-1,1,1,-1,1,1,1,-1,-1,-1,-1,-1,1
2013.05.19,-1,-1,-1,1,-1,1,-1,-1,-1,-1,-1,-1,-1,-1,1,-1,-1,1,-1,1,1,1,-1,-1,-1,-1,1,-1
2013.05.12,1,1,-1,-1,1,1,-1,-1,1,1,-1,-1,-1,-1,1,1,1,1,1,1,1,1,-1,-1,-1,-1,-1,-1
2013.05.05,-1,1,-1,-1,1,1,-1,-1,1,1,1,1,-1,-1,1,1,-1,1,1,-1,1,1,1,-1,-1,-1,-1,-1
2013.04.28,-1,-1,1,1,1,-1,1,1,-1,-1,1,1,-1,-1,-1,1,-1,1,1,-1,1,-1,1,1,1,-1,-1,-1
2013.04.21,-1,1,1,-1,-1,-1,1,1,1,1,-1,1,1,1,-1,-1,1,1,-1,-1,-1,-1,-1,-1,-1,-1,-1,-1
2013.04.14,-1,1,-1,-1,1,1,-1,-1,-1,1,1,-1,-1,-1,1,1,1,1,1,1,1,1,1,-1,-1,-1,-1,-1
2013.04.07,-1,-1,1,1,1,-1,1,1,-1,1,1,-1,1,1,1,1,-1,-1,1,1,-1,-1,1,1,1,1,1,-1
2013.03.31,1,-1,1,1,1,1,-1,1,-1,-1,1,-1,-1,-1,1,1,1,1,1,1,1,1,1,1,1,-1,1,-1
2013.03.24,1,1,-1,-1,-1,-1,-1,1,1,-1,-1,1,1,1,-1,-1,-1,-1,-1,-1,-1,-1,1,-1,-1,-1,-1,-1
2013.03.17,-1,-1,1,1,-1,1,1,1,1,1,-1,-1,1,1,-1,1,1,-1,1,1,-1,-1,-1,1,1,1,1,-1
2013.03.10,1,-1,1,1,-1,-1,1,1,-1,-1,1,-1,1,-1,-1,1,1,-1,-1,-1,-1,-1,1,1,-1,1,-1,1
2013.03.03,-1,1,-1,-1,1,1,1,-1,1,1,1,1,1,1,1,1,-1,-1,1,1,-1,1,1,1,1,1,-1,1
2013.02.24,-1,1,-1,-1,-1,1,-1,-1,1,-1,-1,1,1,-1,-1,-1,1,1,-1,-1,-1,-1,-1,-1,-1,-1,-1,1
2013.02.17,-1,1,-1,-1,-1,1,1,-1,-1,-1,-1,-1,1,-1,1,-1,-1,-1,-1,1,-1,-1,-1,-1,-1,1,1,1
2013.02.10,1,1,-1,-1,1,1,-1,1,-1,1,1,1,1,1,1,-1,-1,-1,1,1,-1,-1,1,1,1,1,1,-1
2013.02.03,1,1,1,-1,-1,1,-1,-1,1,-1,-1,1,-1,-1,-1,1,1,1,-1,-1,-1,-1,-1,-1,-1,-1,-1,1
2013.01.27,-1,-1,-1,1,1,-1,-1,1,-1,-1,1,-1,-1,-1,1,1,-1,-1,1,1,1,1,1,1,1,-1,1,-1
2013.01.20,1,-1,-1,1,1,1,-1,1,-1,1,1,-1,-1,-1,1,1,1,1,1,1,1,1,-1,1,1,1,1,-1
2013.01.13,1,1,-1,-1,1,1,-1,-1,1,1,-1,1,1,1,1,-1,-1,-1,1,1,-1,-1,1,1,1,1,1,-1
2013.01.06,1,-1,1,1,1,-1,1,1,-1,1,1,-1,-1,-1,1,1,1,-1,1,1,1,1,1,1,1,1,1,-1
2012.12.30,1,1,-1,-1,1,-1,1,1,1,1,1,1,1,1,-1,1,-1,-1,1,-1,-1,-1,1,1,1,1,1,-1
2012.12.23,1,-1,-1,1,1,1,-1,-1,-1,-1,1,-1,-1,-1,1,1,1,1,1,1,1,1,1,1,1,-1,-1,1
2012.12.16,-1,-1,-1,1,1,1,-1,-1,-1,-1,1,-1,-1,-1,1,1,1,1,1,1,1,1,-1,-1,-1,-1,-1,1
2012.12.09,-1,-1,1,1,1,-1,1,1,-1,-1,1,-1,-1,-1,1,1,1,1,1,1,1,1,1,1,1,1,1,-1
2012.12.02,1,1,1,-1,1,-1,1,1,1,1,-1,1,1,1,-1,1,-1,-1,-1,-1,-1,-1,1,1,1,-1,1,-1
2012.11.25,1,-1,-1,1,1,1,-1,-1,-1,1,1,-1,-1,-1,1,1,1,1,1,1,1,1,-1,-1,-1,-1,-1,1
2012.11.18,-1,-1,1,1,1,-1,1,1,-1,-1,1,-1,-1,-1,1,1,1,-1,1,1,1,1,1,1,1,1,1,-1
2012.10.28,1,1,-1,-1,1,-1,-1,1,1,-1,1,1,1,1,-1,1,-1,-1,1,-1,-1,-1,1,1,1,-1,-1,-1
2012.10.21,-1,1,1,-1,1,1,1,1,1,1,-1,1,1,1,-1,1,1,-1,-1,-1,-1,-1,1,1,1,1,1,-1
2012.10.14,1,-1,-1,1,1,1,1,-1,-1,1,1,-1,1,-1,1,1,1,-1,1,1,-1,1,-1,1,1,1,1,1
2012.10.07,1,1,-1,-1,-1,1,1,-1,-1,-1,-1,1,1,1,-1,-1,-1,-1,-1,-1,-1,-1,-1,1,-1,1,1,1
2012.09.30,1,-1,-1,1,1,-1,-1,-1,-1,1,1,-1,-1,-1,1,1,-1,1,1,1,1,1,1,-1,-1,-1,-1,-1
2012.09.23,-1,1,-1,-1,-1,1,-1,1,1,-1,-1,-1,-1,1,-1,-1,1,1,-1,-1,-1,-1,-1,-1,-1,-1,1,-1
2012.09.16,1,1,1,-1,-1,1,-1,-1,1,-1,-1,1,-1,-1,-1,-1,1,1,-1,-1,-1,-1,-1,-1,-1,-1,1,-1
2012.09.09,1,-1,1,1,1,-1,1,1,-1,1,1,-1,-1,1,1,1,1,-1,1,1,1,1,1,1,1,1,1,-1
2012.09.02,1,-1,1,1,-1,-1,1,1,-1,1,1,-1,-1,1,1,1,-1,-1,1,1,1,1,1,1,1,-1,1,-1
2012.08.26,1,-1,1,1,-1,-1,-1,-1,-1,-1,1,-1,-1,-1,1,-1,-1,1,1,-1,1,1,1,-1,-1,-1,-1,-1
2012.08.19,-1,-1,1,1,-1,1,-1,1,-1,-1,1,-1,-1,-1,1,-1,1,1,1,1,1,1,-1,-1,-1,1,1,-1
2012.08.12,1,-1,1,1,1,-1,-1,-1,-1,1,1,-1,-1,-1,1,1,-1,1,1,1,1,1,1,1,1,-1,-1,-1
2012.08.05,-1,1,1,-1,-1,-1,-1,-1,1,-1,-1,1,1,1,-1,-1,-1,1,-1,-1,-1,-1,1,-1,-1,-1,-1,1
2012.07.29,-1,-1,-1,1,-1,-1,1,1,-1,1,1,-1,1,1,1,-1,-1,-1,1,1,-1,-1,1,1,1,1,1,-1
2012.07.22,1,-1,1,1,-1,-1,1,1,-1,1,1,-1,-1,-1,1,1,-1,-1,1,1,1,1,1,1,1,1,1,-1
2012.07.15,1,1,1,-1,-1,-1,1,1,1,-1,-1,1,1,1,-1,-1,1,-1,-1,-1,-1,-1,-1,1,-1,1,1,1
2012.07.08,1,1,1,-1,-1,-1,1,1,1,-1,-1,1,1,1,-1,-1,1,1,-1,-1,-1,-1,1,-1,-1,-1,-1,1
2012.07.01,-1,1,-1,-1,-1,1,-1,-1,1,-1,-1,1,1,1,-1,-1,-1,-1,-1,-1,-1,-1,-1,-1,-1,-1,-1,-1
2012.06.24,-1,-1,1,1,-1,-1,1,1,-1,1,1,1,1,1,1,-1,-1,-1,1,-1,-1,-1,1,1,1,1,1,1
2012.06.17,1,1,-1,-1,1,1,-1,-1,1,-1,1,1,1,1,-1,1,-1,-1,1,-1,-1,-1,1,1,1,-1,1,-1
2012.06.10,1,1,1,-1,-1,-1,1,1,1,1,-1,1,1,1,-1,1,1,1,-1,-1,-1,-1,-1,-1,1,1,1,-1
2012.06.03,1,-1,1,1,1,-1,1,1,1,-1,1,1,1,1,1,1,-1,-1,1,-1,-1,-1,1,1,1,1,1,1
2012.05.27,1,1,-1,-1,-1,1,-1,-1,-1,-1,-1,-1,-1,1,1,-1,-1,-1,-1,1,-1,-1,-1,-1,-1,1,1,-1
2012.05.20,1,1,-1,-1,1,1,-1,-1,1,-1,-1,1,1,1,-1,-1,-1,-1,-1,-1,-1,-1,1,-1,1,-1,1,-1
2012.05.13,1,1,-1,-1,-1,1,-1,-1,-1,1,-1,-1,-1,-1,1,-1,1,1,-1,1,1,1,-1,-1,-1,1,-1,1
2012.05.06,-1,1,-1,-1,1,1,-1,-1,1,1,-1,1,-1,-1,-1,-1,1,1,-1,-1,1,1,-1,-1,-1,-1,-1,1
2012.04.29,-1,1,-1,-1,-1,1,-1,-1,1,-1,-1,-1,-1,-1,-1,-1,1,1,-1,1,1,1,-1,-1,-1,-1,-1,1
2012.04.22,-1,-1,1,1,-1,-1,1,1,1,-1,-1,1,1,1,-1,-1,-1,-1,-1,-1,-1,-1,-1,-1,-1,-1,-1,1
2012.04.15,-1,-1,1,1,1,-1,1,-1,1,-1,1,-1,-1,-1,-1,1,1,1,1,1,1,1,1,1,1,-1,-1,1
2012.04.08,-1,1,-1,-1,-1,1,1,1,-1,1,-1,1,1,1,1,-1,-1,-1,-1,1,-1,-1,-1,-1,-1,1,1,1
2012.04.01,1,1,-1,-1,-1,1,-1,-1,1,-1,-1,1,1,1,-1,-1,-1,1,-1,-1,-1,-1,-1,-1,-1,-1,-1,-1
2012.03.25,-1,-1,1,1,1,1,-1,1,1,-1,1,-1,-1,-1,-1,1,1,1,1,1,1,1,1,-1,1,-1,1,-1
2012.03.18,1,-1,1,1,-1,1,-1,-1,-1,-1,-1,-1,-1,-1,1,-1,1,1,-1,1,1,1,-1,-1,-1,-1,-1,-1
2012.03.11,-1,-1,1,1,1,1,1,1,1,1,1,-1,-1,1,-1,1,1,1,1,1,1,-1,1,1,1,1,1,-1
2012.03.04,1,1,-1,-1,1,1,-1,-1,-1,-1,1,1,-1,-1,1,-1,-1,1,1,-1,1,1,1,-1,-1,-1,-1,-1
2012.02.26,-1,1,-1,-1,1,-1,1,-1,1,1,-1,1,1,1,-1,-1,-1,-1,-1,-1,-1,-1,1,1,-1,-1,-1,1
2012.02.19,-1,-1,1,1,1,1,-1,-1,-1,-1,1,-1,-1,-1,1,1,1,1,1,1,1,1,1,1,1,-1,1,-1
2012.02.12,1,1,1,-1,1,-1,-1,1,1,-1,1,1,1,1,-1,1,-1,1,1,-1,-1,-1,1,1,1,-1,-1,-1
2012.02.05,-1,-1,-1,1,1,1,-1,-1,-1,1,1,-1,-1,-1,1,1,1,1,1,1,1,1,1,1,1,1,-1,1
2012.01.29,-1,1,1,-1,-1,-1,1,1,1,1,-1,1,1,1,-1,1,-1,-1,-1,-1,-1,-1,1,1,1,1,1,-1
2012.01.22,1,-1,1,1,-1,-1,1,1,-1,-1,1,-1,-1,-1,1,1,-1,-1,1,1,1,1,1,1,1,1,1,-1
2012.01.15,1,-1,1,1,1,-1,1,1,-1,1,1,-1,-1,-1,1,1,1,1,1,1,1,1,1,1,1,1,1,1
2011.12.25,1,1,-1,-1,-1,-1,1,1,-1,-1,-1,1,1,1,-1,-1,-1,-1,-1,-1,-1,-1,-1,-1,-1,1,1,-1
2011.12.18,1,-1,1,1,1,-1,1,1,1,1,1,1,1,1,-1,1,-1,-1,1,-1,-1,-1,1,1,1,-1,-1,1
2011.12.11,-1,1,-1,-1,1,1,-1,-1,1,-1,-1,-1,-1,-1,-1,-1,1,1,-1,-1,-1,-1,-1,-1,-1,-1,1,-1
2011.12.04,1,1,1,-1,-1,-1,-1,-1,1,-1,-1,1,-1,-1,-1,-1,1,1,-1,-1,-1,1,-1,-1,-1,-1,-1,1
2011.11.27,-1,-1,1,1,1,-1,1,1,-1,-1,1,1,1,1,-1,1,-1,-1,1,-1,-1,-1,1,1,1,1,1,1
2011.11.20,1,1,-1,-1,1,1,-1,-1,-1,-1,-1,-1,-1,-1,1,-1,-1,1,-1,-1,1,-1,-1,-1,-1,-1,-1,-1
2011.11.13,-1,1,-1,-1,-1,1,-1,-1,1,1,-1,1,-1,-1,-1,-1,1,1,-1,-1,1,1,-1,-1,-1,-1,-1,1
2011.11.06,-1,1,1,-1,-1,-1,-1,-1,1,1,-1,1,1,-1,-1,-1,-1,1,-1,-1,1,1,-1,-1,-1,-1,-1,-1
2011.10.30,-1,1,-1,-1,1,1,-1,-1,1,-1,1,-1,-1,-1,-1,1,1,1,1,1,1,1,1,1,-1,-1,-1,1
2011.10.23,-1,-1,1,1,-1,-1,1,1,-1,-1,1,-1,1,-1,1,1,-1,-1,1,1,-1,-1,1,1,1,1,1,1
2011.10.16,1,-1,1,1,-1,-1,1,-1,-1,-1,-1,-1,-1,-1,-1,-1,-1,1,-1,-1,-1,1,-1,-1,-1,1,-1,1
2011.10.09,-1,-1,1,1,1,-1,1,1,-1,-1,1,-1,1,1,1,1,-1,-1,1,1,-1,-1,1,1,1,1,1,1
2011.10.02,1,1,-1,1,-1,-1,1,1,1,1,-1,1,1,1,1,-1,-1,-1,-1,-1,-1,-1,1,1,1,1,1,-1
2011.09.25,1,1,1,-1,1,1,-1,-1,1,-1,1,-1,-1,-1,-1,1,1,1,-1,1,1,1,-1,-1,-1,1,1,1
2011.09.18,1,1,-1,-1,-1,1,-1,-1,1,1,-1,-1,-1,-1,1,-1,1,1,-1,1,1,1,-1,-1,-1,-1,-1,1
2011.09.11,-1,-1,-1,1,-1,-1,-1,1,-1,1,1,1,-1,-1,1,-1,-1,1,1,-1,1,1,1,-1,1,-1,-1,-1
2011.09.04,-1,1,-1,-1,1,1,-1,-1,1,1,-1,1,1,1,-1,-1,-1,-1,-1,-1,-1,-1,-1,-1,-1,-1,-1,1
2011.08.28,-1,-1,-1,-1,1,1,1,1,-1,-1,1,-1,-1,-1,-1,-1,-1,-1,-1,-1,-1,-1,-1,1,1,1,1,-1
2011.08.21,1,1,-1,1,-1,-1,1,1,1,1,-1,1,1,1,1,-1,-1,-1,1,-1,-1,-1,1,1,1,1,1,-1
2011.08.14,1,1,1,1,-1,1,1,-1,1,1,-1,1,1,-1,-1,1,1,1,1,1,1,1,-1,-1,-1,1,-1,1
2011.08.07,-1,1,-1,-1,-1,1,-1,-1,1,1,-1,1,1,1,1,-1,-1,-1,-1,-1,-1,1,-1,-1,-1,-1,-1,1
2011.07.31,-1,-1,-1,-1,1,1,-1,-1,-1,-1,1,-1,-1,-1,-1,1,1,1,1,1,1,1,-1,-1,-1,-1,-1,-1
2011.07.24,-1,-1,1,-1,-1,1,1,1,-1,-1,1,-1,-1,-1,-1,-1,1,-1,-1,1,-1,-1,-1,-1,-1,1,1,-1
2011.07.17,1,1,1,1,-1,-1,1,1,1,1,-1,1,1,1,1,1,1,-1,1,1,-1,-1,1,1,1,1,1,-1
2011.07.10,1,-1,1,-1,-1,-1,-1,1,-1,-1,1,-1,-1,-1,-1,-1,-1,1,-1,-1,1,-1,-1,-1,-1,-1,1,-1
2011.07.03,1,-1,-1,-1,-1,1,-1,1,-1,-1,1,-1,-1,-1,-1,-1,1,1,-1,-1,-1,-1,-1,-1,1,1,1,-1
2011.06.26,1,1,1,1,1,-1,1,1,1,1,-1,1,1,1,1,1,-1,-1,1,-1,-1,-1,1,1,1,-1,-1,1
2011.06.19,-1,-1,-1,-1,1,1,-1,1,-1,-1,1,-1,-1,-1,1,-1,-1,-1,-1,1,1,-1,-1,-1,1,-1,1,-1
2011.06.12,1,1,-1,-1,-1,1,1,-1,1,1,-1,1,1,-1,1,-1,-1,-1,-1,-1,-1,1,-1,1,-1,1,-1,1
2011.06.05,-1,1,-1,-1,1,1,-1,1,-1,-1,-1,1,-1,1,-1,-1,-1,1,-1,-1,-1,-1,-1,-1,1,-1,1,-1
2011.05.29,1,-1,-1,1,-1,1,-1,-1,-1,1,1,-1,-1,-1,1,-1,-1,-1,1,1,1,1,-1,-1,-1,1,-1,1
2011.05.22,-1,-1,1,1,-1,1,1,1,-1,-1,1,-1,-1,-1,-1,1,1,1,1,1,1,-1,-1,-1,1,1,1,-1
2011.05.15,1,-1,1,1,1,1,1,1,-1,-1,1,-1,-1,-1,1,1,1,-1,1,1,-1,-1,1,1,1,1,1,-1
2011.05.08,1,1,-1,-1,1,1,-1,-1,1,-1,-1,1,1,1,-1,-1,-1,1,-1,-1,-1,-1,1,-1,-1,-1,-1,-1
2011.05.01,-1,1,-1,-1,-1,1,-1,-1,-1,-1,-1,-1,-1,-1,-1,-1,1,1,-1,-1,-1,-1,-1,-1,-1,-1,1,-1
2011.04.24,1,-1,1,1,-1,-1,1,1,-1,-1,1,-1,-1,-1,1,1,1,-1,1,1,-1,1,-1,1,-1,1,-1,1
2011.04.17,-1,-1,1,1,-1,-1,1,1,1,1,-1,-1,1,-1,-1,-1,1,-1,-1,1,-1,1,-1,1,-1,1,-1,1
2011.04.10,-1,-1,-1,-1,-1,1,1,1,-1,-1,-1,-1,-1,1,1,-1,1,-1,-1,1,-1,-1,-1,-1,-1,1,1,-1
2011.04.03,1,-1,1,1,1,-1,1,1,-1,-1,1,-1,-1,-1,1,1,1,-1,1,1,1,-1,1,1,1,1,1,-1
2011.03.27,1,1,1,1,1,-1,1,1,1,1,1,1,1,1,1,1,-1,-1,1,-1,-1,-1,1,1,1,-1,1,-1
2011.03.20,1,1,-1,-1,1,-1,1,1,1,1,-1,1,1,1,1,-1,-1,-1,-1,-1,-1,-1,1,1,1,1,1,-1
2011.03.13,1,-1,1,1,-1,1,-1,-1,-1,-1,1,-1,-1,-1,1,-1,1,1,1,1,1,1,-1,-1,-1,-1,-1,-1
2011.03.06,-1,1,-1,-1,-1,1,-1,1,-1,-1,-1,1,1,1,1,-1,-1,-1,-1,-1,-1,-1,-1,-1,1,-1,1,-1
2011.02.27,1,-1,1,1,1,-1,-1,-1,1,1,1,1,-1,-1,1,1,1,1,1,1,1,1,1,1,-1,-1,-1,1
2011.02.20,-1,-1,-1,1,-1,-1,1,-1,-1,-1,1,-1,-1,-1,1,-1,-1,-1,-1,-1,1,1,-1,-1,-1,-1,-1,1
2011.02.13,-1,-1,1,1,-1,-1,1,1,-1,-1,1,-1,-1,-1,-1,1,1,1,1,1,-1,1,-1,1,1,1,1,1
2011.02.06,1,1,-1,-1,1,1,-1,-1,1,1,-1,1,1,1,1,1,-1,1,1,-1,1,1,1,1,1,-1,-1,1
2011.01.30,-1,1,1,-1,1,-1,1,1,1,1,-1,1,1,1,-1,1,1,-1,1,-1,-1,-1,1,1,1,1,-1,1
2011.01.23,-1,-1,-1,1,-1,1,1,1,-1,-1,1,-1,-1,1,1,-1,-1,-1,-1,1,-1,-1,-1,-1,1,1,1,-1
2011.01.16,1,-1,1,1,-1,1,-1,-1,1,1,1,-1,-1,-1,1,1,1,1,1,1,1,1,-1,-1,-1,1,-1,1
2011.01.09,-1,-1,1,1,-1,-1,-1,1,1,1,1,-1,-1,1,1,1,1,1,1,1,1,1,-1,-1,1,-1,1,-1
2011.01.02,1,1,1,-1,1,1,-1,-1,1,1,-1,1,1,1,-1,1,1,1,-1,-1,-1,-1,1,-1,-1,-1,-1,-1
2010.12.26,-1,-1,1,1,-1,-1,1,1,-1,-1,1,-1,-1,1,1,-1,-1,-1,-1,1,-1,-1,-1,1,1,1,1,-1
2010.12.19,1,-1,-1,-1,-1,-1,1,1,-1,-1,-1,-1,1,1,1,-1,-1,-1,-1,-1,-1,-1,-1,1,1,1,1,-1
2010.12.12,1,-1,-1,-1,-1,1,1,-1,-1,-1,1,-1,-1,-1,1,-1,-1,-1,-1,1,-1,1,-1,1,-1,1,-1,1
2010.12.05,-1,1,1,-1,1,1,-1,-1,1,-1,1,-1,-1,-1,-1,1,1,1,1,-1,-1,1,1,1,-1,-1,-1,1
2010.11.28,-1,-1,1,1,-1,-1,1,1,-1,-1,1,-1,-1,-1,-1,-1,-1,-1,-1,-1,-1,-1,-1,1,-1,1,1,1
2010.11.21,1,1,-1,-1,1,1,-1,-1,-1,-1,-1,1,-1,-1,-1,-1,-1,-1,-1,-1,-1,1,1,-1,-1,-1,-1,1
2010.11.14,-1,1,-1,-1,1,1,-1,1,1,1,-1,1,1,1,1,1,-1,-1,1,1,-1,-1,1,1,1,1,1,-1
2010.11.07,1,1,-1,-1,1,1,-1,-1,1,-1,-1,1,-1,-1,-1,1,1,1,-1,-1,1,-1,1,-1,-1,-1,-1,-1
2010.10.31,-1,-1,1,1,1,-1,1,1,-1,-1,1,-1,1,1,-1,1,-1,-1,1,-1,-1,-1,1,1,1,1,1,-1
2010.10.24,1,1,1,-1,-1,-1,-1,1,1,1,-1,1,1,1,-1,1,1,1,-1,-1,1,-1,-1,-1,1,-1,1,-1
2010.10.17,1,1,-1,-1,-1,1,-1,-1,1,1,-1,1,-1,1,1,-1,-1,-1,-1,1,1,1,-1,-1,-1,1,1,1
2010.10.10,1,-1,1,-1,-1,-1,1,-1,1,-1,1,-1,-1,-1,-1,1,1,1,-1,-1,-1,-1,-1,-1,-1,1,1,1
2010.10.03,1,-1,1,1,-1,-1,1,1,-1,-1,-1,-1,1,1,1,-1,1,-1,-1,1,-1,-1,-1,-1,-1,1,1,-1
2010.09.26,1,-1,-1,1,-1,-1,1,1,-1,1,-1,-1,1,1,1,-1,-1,-1,1,1,1,1,-1,-1,-1,1,1,1
2010.09.19,1,-1,1,1,-1,-1,1,1,-1,1,1,-1,-1,-1,1,-1,1,-1,1,1,1,1,-1,1,-1,1,1,1
2010.09.12,1,-1,1,1,1,-1,1,-1,1,1,1,-1,-1,-1,1,1,1,1,1,1,1,1,1,1,1,1,-1,1
2010.09.05,-1,1,-1,-1,-1,-1,1,1,-1,-1,-1,1,1,1,-1,-1,-1,-1,-1,-1,-1,-1,-1,1,1,1,1,-1
2010.08.29,1,-1,-1,1,-1,-1,1,1,-1,-1,-1,1,1,-1,1,-1,-1,-1,-1,1,-1,-1,-1,1,-1,1,1,1
2010.08.22,1,-1,-1,1,-1,1,1,1,-1,-1,1,-1,1,1,1,-1,1,-1,-1,1,-1,-1,-1,1,1,1,1,1
2010.08.15,1,-1,-1,-1,-1,1,1,-1,-1,-1,1,-1,-1,-1,-1,-1,1,-1,-1,1,-1,-1,-1,-1,-1,1,1,1
2010.08.08,1,1,-1,-1,1,1,-1,-1,-1,-1,-1,-1,-1,-1,-1,-1,-1,1,-1,-1,-1,-1,-1,-1,-1,-1,-1,1
2010.08.01,-1,-1,1,1,-1,-1,1,1,1,1,-1,1,1,1,1,1,1,1,1,1,1,1,-1,1,-1,1,1,1
2010.07.25,1,-1,1,1,-1,-1,1,-1,1,-1,1,-1,-1,-1,-1,1,1,1,-1,1,1,1,-1,-1,-1,1,-1,1
2010.07.18,-1,1,1,1,1,-1,1,1,1,1,1,1,1,1,-1,1,-1,-1,1,-1,-1,-1,1,1,1,1,1,1
2010.07.11,1,-1,1,1,-1,1,-1,-1,1,1,-1,-1,-1,-1,1,-1,1,1,-1,1,1,1,-1,-1,-1,1,1,-1
2010.07.04,1,-1,-1,1,1,-1,1,1,-1,1,1,1,1,1,1,1,-1,-1,1,-1,-1,-1,1,1,1,1,1,1
2010.06.27,1,-1,1,1,-1,1,-1,-1,-1,-1,1,-1,-1,-1,1,-1,1,1,-1,1,1,1,-1,-1,-1,-1,-1,-1
2010.06.20,-1,-1,1,-1,-1,1,-1,1,1,-1,-1,-1,-1,-1,-1,1,1,1,-1,1,1,-1,-1,-1,-1,1,1,-1
2010.06.13,1,-1,1,1,-1,-1,1,1,-1,-1,1,-1,-1,-1,1,1,1,-1,1,1,-1,-1,1,1,1,1,1,1
2010.06.06,1,-1,1,1,-1,-1,1,1,-1,1,1,1,1,1,1,1,-1,-1,1,-1,-1,-1,1,1,1,1,1,1
2010.05.30,1,1,1,-1,1,1,-1,-1,1,-1,1,-1,-1,-1,-1,1,1,1,-1,-1,1,-1,-1,-1,1,-1,-1,-1
2010.05.23,-1,1,-1,-1,1,-1,1,1,1,-1,1,1,1,1,-1,1,-1,-1,-1,-1,-1,-1,1,1,1,1,-1,1
2010.05.16,-1,1,-1,1,-1,1,-1,-1,1,1,-1,-1,-1,-1,1,-1,1,1,-1,1,1,1,-1,-1,-1,-1,-1,-1
2010.05.09,-1,1,-1,-1,-1,1,-1,-1,1,-1,-1,1,1,1,-1,-1,-1,-1,-1,-1,-1,-1,-1,-1,-1,-1,-1,1
2010.05.02,-1,1,-1,-1,-1,1,-1,-1,-1,-1,-1,1,-1,1,-1,-1,-1,1,-1,-1,-1,-1,-1,-1,-1,-1,1,-1
2010.04.25,1,1,-1,-1,-1,1,-1,1,-1,-1,-1,-1,1,1,1,-1,1,-1,-1,1,-1,-1,-1,-1,1,1,1,-1
2010.04.18,1,1,1,-1,1,-1,1,1,1,1,1,1,1,1,-1,1,-1,-1,1,-1,-1,-1,1,1,1,-1,-1,-1
2010.04.11,-1,1,-1,-1,-1,1,-1,-1,-1,-1,-1,-1,-1,-1,-1,-1,1,1,-1,1,1,1,-1,-1,-1,-1,-1,-1
2010.04.04,-1,1,1,1,-1,-1,1,1,1,1,-1,1,1,1,-1,-1,1,-1,-1,-1,-1,-1,-1,-1,-1,1,1,1
2010.03.28,1,1,1,1,1,-1,1,1,1,1,1,1,1,1,-1,1,1,1,1,-1,-1,-1,1,1,1,1,-1,1
2010.03.21,-1,1,-1,-1,1,1,-1,-1,-1,-1,1,-1,-1,-1,-1,1,1,1,1,1,1,-1,1,1,1,1,1,-1
2010.03.14,1,1,-1,-1,-1,-1,-1,1,-1,-1,-1,1,1,1,-1,-1,-1,-1,-1,-1,-1,-1,-1,-1,1,-1,1,-1
2010.03.07,1,-1,1,1,-1,-1,1,1,-1,-1,1,-1,-1,-1,1,1,-1,-1,1,1,1,1,1,1,1,-1,-1,1
2010.02.28,-1,-1,-1,-1,1,-1,1,-1,-1,-1,1,1,1,-1,1,1,-1,-1,1,-1,-1,1,1,1,1,-1,-1,1
2010.02.21,-1,-1,-1,1,-1,1,-1,-1,-1,-1,-1,-1,-1,-1,1,-1,-1,-1,-1,1,1,1,-1,-1,-1,1,1,-1
2010.02.14,1,-1,-1,-1,1,-1,1,1,-1,-1,1,1,1,1,1,1,-1,-1,1,-1,-1,-1,1,1,1,1,-1,1
2010.02.07,-1,1,1,-1,1,-1,1,1,1,-1,1,1,1,1,-1,1,-1,-1,1,-1,-1,-1,1,1,1,1,-1,1
2010.01.31,-1,1,-1,-1,-1,1,-1,-1,-1,-1,-1,1,-1,-1,1,-1,-1,-1,-1,-1,1,1,-1,-1,-1,-1,-1,1
2010.01.24,-1,1,-1,-1,1,1,-1,-1,1,-1,-1,1,-1,1,-1,-1,1,1,-1,-1,-1,-1,-1,-1,-1,-1,-1,-1
2010.01.17,-1,1,-1,-1,-1,1,-1,-1,1,-1,-1,-1,-1,-1,-1,-1,1,1,-1,1,1,1,-1,-1,-1,1,-1,1
2010.01.10,-1,1,1,-1,-1,-1,-1,-1,1,-1,-1,1,-1,1,-1,-1,1,1,-1,-1,1,-1,-1,-1,-1,-1,-1,-1
2010.01.03,-1,-1,-1,1,-1,-1,1,1,-1,-1,1,1,1,1,1,-1,-1,-1,1,-1,-1,-1,1,1,1,1,1,1
2009.12.27,1,-1,1,-1,1,-1,1,1,1,-1,1,1,1,1,-1,1,1,-1,1,-1,-1,-1,1,1,1,1,1,-1
2009.12.20,1,-1,-1,1,1,-1,-1,-1,-1,1,1,1,-1,-1,1,1,-1,-1,1,-1,1,1,1,1,1,-1,-1,1
2009.12.13,-1,1,-1,-1,1,1,-1,-1,1,-1,1,1,-1,-1,-1,1,1,1,-1,-1,1,-1,1,-1,-1,-1,-1,-1
2009.12.06,-1,1,-1,-1,-1,1,-1,1,1,1,-1,1,1,1,-1,-1,-1,-1,-1,-1,-1,-1,-1,-1,1,1,1,-1
2009.11.29,1,1,-1,-1,1,-1,1,1,1,1,1,1,1,1,-1,1,-1,-1,1,-1,-1,-1,1,1,1,1,1,-1
2009.11.22,1,-1,1,1,-1,-1,-1,-1,-1,-1,-1,-1,-1,-1,1,-1,-1,1,-1,1,1,1,-1,-1,-1,-1,-1,1
2009.11.15,-1,1,-1,-1,-1,1,-1,-1,-1,1,-1,-1,-1,-1,1,-1,1,1,-1,1,1,1,-1,-1,-1,-1,-1,1
2009.11.08,-1,-1,1,1,-1,-1,1,1,-1,-1,1,1,1,1,1,-1,-1,-1,-1,-1,-1,-1,1,1,1,-1,-1,1
2009.11.01,-1,-1,1,1,1,-1,1,1,1,1,1,1,1,1,-1,1,1,-1,1,-1,-1,-1,1,1,1,1,1,1
2009.10.25,1,1,1,-1,-1,1,-1,-1,1,-1,-1,-1,-1,-1,-1,-1,1,1,-1,1,1,1,-1,-1,-1,1,-1,1
2009.10.18,-1,-1,-1,1,1,1,1,1,-1,-1,1,-1,-1,1,1,1,1,-1,1,1,-1,-1,-1,1,1,1,1,-1
2009.10.11,1,-1,1,1,1,-1,1,1,1,-1,1,-1,1,-1,-1,1,1,1,1,1,-1,1,1,1,1,1,1,1
2009.10.04,1,-1,-1,1,1,-1,1,1,-1,1,1,1,1,1,1,-1,-1,-1,1,-1,-1,-1,1,1,1,1,-1,1
2009.09.27,-1,1,-1,-1,1,-1,-1,-1,1,-1,-1,1,1,1,-1,1,-1,1,-1,-1,-1,-1,1,1,1,-1,-1,1
2009.09.20,-1,-1,-1,-1,-1,1,1,1,-1,-1,-1,-1,-1,1,1,-1,1,-1,-1,1,-1,-1,-1,-1,-1,1,1,-1
2009.09.13,1,-1,-1,1,1,-1,1,1,-1,1,1,1,-1,-1,1,-1,-1,-1,1,1,1,1,1,1,1,-1,-1,1
2009.09.06,-1,-1,1,1,-1,-1,1,1,-1,-1,-1,-1,-1,1,1,-1,1,1,-1,1,1,-1,-1,-1,-1,1,1,-1
2009.08.30,1,1,1,-1,-1,-1,1,1,1,-1,1,1,1,1,-1,1,1,-1,-1,-1,-1,-1,-1,1,1,1,1,1
2009.08.23,1,1,-1,-1,-1,1,1,-1,-1,1,-1,-1,1,1,1,-1,-1,-1,-1,1,-1,-1,-1,-1,-1,1,1,1
2009.08.16,1,-1,1,1,-1,-1,1,1,-1,-1,1,1,-1,-1,1,-1,-1,-1,1,-1,1,-1,1,1,1,-1,-1,-1
2009.08.09,-1,-1,-1,1,-1,1,-1,1,-1,-1,-1,-1,-1,1,1,-1,1,-1,-1,1,1,-1,-1,-1,-1,1,1,-1
2009.08.02,1,1,-1,-1,1,1,1,1,1,1,1,1,1,1,1,1,1,-1,1,-1,-1,-1,1,1,1,1,1,-1
2009.07.26,1,-1,1,1,-1,-1,1,1,1,1,-1,1,1,1,-1,1,1,-1,1,-1,-1,-1,1,1,1,1,1,1
2009.07.19,1,-1,1,1,1,-1,1,1,1,1,1,1,1,1,1,1,-1,-1,1,-1,-1,-1,1,1,1,-1,-1,1
2009.07.12,-1,-1,1,1,1,-1,1,1,1,1,1,1,1,1,1,1,-1,-1,1,-1,-1,-1,1,1,1,-1,-1,1
2009.07.05,-1,-1,-1,-1,-1,1,-1,-1,-1,-1,-1,-1,-1,-1,1,-1,1,1,-1,1,1,-1,-1,-1,-1,-1,-1,-1
2009.06.28,-1,1,-1,-1,1,1,-1,-1,-1,-1,1,-1,-1,-1,-1,-1,-1,1,1,1,1,1,1,-1,-1,-1,-1,1
2009.06.21,-1,1,1,1,-1,1,1,1,1,1,-1,-1,1,1,1,-1,1,-1,-1,1,1,1,-1,-1,-1,1,1,-1
2009.06.14,1,1,1,-1,-1,1,-1,1,1,-1,-1,-1,-1,1,-1,-1,1,1,-1,1,-1,-1,-1,-1,-1,1,1,-1
2009.06.07,1,-1,1,1,-1,-1,1,1,1,-1,1,-1,1,1,-1,1,1,1,1,1,-1,-1,-1,1,1,1,1,-1
2009.05.31,1,1,-1,-1,1,1,-1,-1,1,1,1,-1,1,-1,1,1,1,-1,1,1,1,1,1,1,1,1,1,1
2009.05.24,1,-1,1,1,1,-1,1,1,-1,-1,1,1,1,1,-1,1,-1,-1,1,-1,-1,-1,1,1,1,-1,1,-1
2009.05.17,1,-1,1,1,-1,-1,1,1,1,1,1,1,1,1,-1,1,-1,1,1,-1,-1,-1,1,1,1,-1,1,-1
2009.05.10,1,1,-1,-1,-1,1,-1,-1,1,1,-1,-1,-1,-1,-1,-1,1,1,-1,1,1,1,-1,-1,-1,-1,-1,1
2009.05.03,-1,-1,1,1,-1,-1,1,1,-1,1,1,1,1,1,1,1,-1,-1,1,-1,-1,-1,1,1,1,1,1,-1
2009.04.26,1,-1,1,1,1,-1,1,1,1,-1,1,1,1,1,-1,1,-1,1,1,-1,-1,-1,1,1,1,-1,-1,1
2009.04.19,-1,-1,-1,1,-1,-1,-1,1,-1,-1,1,-1,-1,-1,1,-1,-1,-1,-1,1,1,1,-1,-1,-1,-1,1,-1
2009.04.12,1,1,1,-1,-1,-1,1,-1,1,-1,-1,1,1,-1,-1,-1,1,1,-1,-1,-1,1,-1,-1,-1,-1,-1,1
2009.04.05,-1,1,-1,-1,-1,-1,1,-1,1,-1,-1,1,1,1,-1,-1,-1,-1,-1,-1,-1,-1,1,1,-1,1,-1,1
2009.03.29,-1,-1,1,1,1,-1,1,1,1,1,1,-1,1,1,-1,1,1,1,1,1,-1,-1,1,1,1,1,1,1
2009.03.22,1,1,-1,-1,1,1,1,1,1,-1,1,1,1,1,-1,1,-1,-1,-1,-1,-1,-1,1,1,1,1,1,-1
2009.03.15,1,-1,1,1,-1,-1,1,1,-1,1,1,-1,-1,1,1,1,1,-1,1,1,1,-1,1,1,1,1,1,-1
2009.03.08,1,1,-1,1,-1,-1,1,1,1,1,-1,1,1,1,1,-1,-1,-1,1,1,-1,-1,1,1,1,1,1,-1
2009.03.01,1,-1,-1,1,1,1,1,1,-1,-1,1,-1,-1,-1,1,-1,-1,-1,1,1,-1,-1,-1,1,1,1,1,-1
2009.02.22,1,1,-1,-1,1,1,-1,-1,1,-1,1,-1,1,-1,-1,1,1,1,1,1,-1,1,1,1,1,1,-1,1
2009.02.15,-1,-1,1,1,1,1,-1,-1,1,-1,1,-1,-1,-1,-1,1,1,1,1,1,1,1,1,1,1,-1,-1,1
2009.02.08,-1,1,-1,-1,-1,1,-1,-1,-1,-1,-1,-1,-1,-1,1,-1,-1,-1,-1,1,1,1,-1,-1,-1,-1,-1,-1
2009.02.01,-1,-1,1,1,1,-1,1,1,1,1,1,1,1,1,-1,1,1,-1,1,1,-1,-1,1,1,1,1,1,1
2009.01.25,1,1,1,-1,1,-1,-1,-1,1,-1,1,1,-1,-1,-1,1,1,1,-1,-1,1,1,1,-1,-1,-1,-1,1
2008.09.14,-1,-1,1,1,1,-1,1,1,1,-1,1,1,1,1,-1,1,1,-1,1,-1,-1,-1,1,1,1,1,1,-1
2008.09.07,1,1,1,-1,-1,1,-1,-1,1,1,-1,1,-1,-1,-1,-1,1,1,-1,-1,1,1,-1,-1,-1,-1,-1,1
2008.08.31,-1,1,-1,-1,-1,1,-1,-1,-1,-1,-1,1,-1,-1,-1,-1,-1,1,-1,-1,1,1,-1,-1,-1,-1,-1,-1
2008.08.24,-1,1,-1,-1,-1,1,-1,-1,-1,-1,-1,-1,-1,-1,1,-1,-1,-1,-1,1,1,1,-1,-1,-1,1,1,1
2008.08.17,1,1,-1,1,-1,-1,-1,1,-1,1,-1,1,1,1,1,-1,-1,-1,1,-1,1,1,1,-1,1,-1,-1,-1
2008.08.10,-1,1,-1,-1,1,-1,-1,1,-1,-1,-1,1,-1,1,1,-1,-1,-1,-1,-1,1,-1,1,-1,1,-1,-1,-1
2008.08.03,-1,1,-1,-1,1,1,-1,-1,1,-1,-1,-1,-1,-1,-1,-1,1,1,-1,1,1,-1,-1,-1,-1,-1,1,-1
2008.07.27,1,1,-1,-1,-1,1,-1,-1,1,1,-1,1,-1,-1,-1,-1,1,1,-1,-1,1,1,-1,-1,-1,-1,-1,-1
2008.07.20,-1,1,-1,-1,1,1,-1,-1,1,1,-1,-1,-1,-1,-1,1,1,1,-1,1,1,1,-1,-1,-1,-1,-1,1
2008.07.13,-1,1,1,-1,1,-1,-1,-1,1,1,1,1,1,1,-1,1,1,1,1,-1,-1,-1,1,1,1,-1,-1,1
2008.07.06,-1,-1,1,1,-1,-1,1,1,-1,1,1,1,-1,-1,1,-1,-1,-1,1,1,1,1,1,-1,-1,-1,-1,1
2008.06.29,-1,1,-1,-1,1,1,1,-1,-1,1,1,-1,1,1,1,-1,1,-1,1,1,-1,-1,-1,1,1,1,1,1
2008.06.22,1,-1,1,1,-1,-1,1,1,-1,-1,1,-1,-1,-1,1,-1,1,1,1,1,1,1,-1,-1,-1,1,-1,1
2008.06.15,-1,-1,1,1,-1,-1,1,1,1,1,1,1,1,1,-1,1,1,1,1,1,-1,1,1,1,1,1,1,1
2008.06.08,1,1,-1,-1,1,1,-1,-1,1,1,1,1,1,1,-1,1,-1,1,1,-1,-1,-1,1,1,1,-1,-1,1
2008.06.01,-1,-1,-1,1,-1,1,1,-1,-1,-1,1,-1,-1,-1,1,-1,1,-1,1,1,1,1,-1,1,-1,1,1,1
2008.05.25,1,1,1,-1,1,1,-1,-1,1,1,1,1,1,1,-1,1,1,1,1,-1,-1,-1,1,1,1,1,1,-1
2008.05.18,1,-1,1,1,-1,-1,1,1,-1,-1,1,-1,-1,-1,-1,1,1,1,1,1,1,-1,1,-1,1,-1,1,-1
2008.05.11,1,1,1,1,1,-1,1,1,1,1,1,1,1,1,1,1,-1,-1,1,1,-1,-1,1,1,1,1,1,1
2008.05.04,1,-1,-1,1,-1,-1,1,-1,-1,-1,-1,-1,-1,-1,1,-1,-1,-1,-1,-1,-1,1,-1,-1,-1,-1,-1,1
2008.04.27,-1,1,-1,-1,1,1,1,-1,1,1,-1,1,1,1,-1,1,1,-1,-1,-1,-1,-1,1,1,1,1,1,1
2008.04.20,1,1,-1,-1,1,1,-1,-1,1,1,-1,1,1,1,-1,-1,1,-1,-1,-1,-1,-1,-1,1,-1,1,-1,1
2008.04.13,-1,1,1,1,1,-1,1,1,1,1,1,1,1,1,-1,1,-1,1,1,-1,-1,1,1,1,1,-1,-1,1
2008.04.06,-1,-1,-1,1,-1,1,1,1,-1,-1,-1,-1,1,1,1,-1,1,-1,-1,1,-1,-1,-1,1,-1,1,1,1
2008.03.30,1,1,-1,-1,1,-1,1,-1,1,1,1,1,1,1,-1,1,-1,-1,1,-1,-1,1,1,1,1,-1,-1,1
2008.03.23,-1,-1,1,1,-1,-1,1,1,-1,1,1,-1,1,-1,1,1,1,-1,1,1,1,1,1,1,1,1,1,1
2008.03.16,1,1,-1,-1,1,1,-1,-1,-1,-1,-1,-1,-1,-1,-1,-1,1,1,-1,1,1,1,-1,-1,-1,-1,1,-1
2008.03.09,1,-1,-1,1,-1,-1,1,1,-1,-1,-1,-1,-1,1,1,-1,-1,-1,-1,1,1,-1,-1,-1,-1,1,1,-1
2008.03.02,1,-1,1,1,-1,1,-1,-1,1,1,1,-1,-1,-1,-1,1,1,1,1,1,1,1,-1,-1,-1,1,1,-1
2008.02.24,1,-1,1,1,-1,-1,1,-1,-1,-1,1,-1,-1,-1,1,-1,-1,1,-1,-1,1,1,-1,-1,-1,-1,-1,1
2008.02.17,-1,-1,1,1,-1,1,1,1,-1,1,1,-1,1,1,1,-1,1,-1,1,1,-1,-1,-1,1,1,1,1,-1
2008.02.10,1,-1,1,1,1,1,1,1,-1,1,1,-1,1,-1,1,1,1,-1,1,1,-1,1,-1,1,1,1,1,1
2008.02.03,1,1,-1,-1,1,1,-1,-1,1,-1,-1,1,1,1,-1,-1,-1,-1,-1,-1,-1,-1,1,-1,1,-1,-1,-1
2008.01.27,-1,-1,-1,1,-1,-1,1,1,-1,1,1,1,1,1,1,-1,-1,-1,1,-1,-1,-1,1,1,1,1,1,-1
2008.01.20,1,-1,1,1,-1,-1,-1,1,1,1,1,1,-1,1,-1,1,-1,1,1,-1,1,-1,1,-1,1,-1,-1,-1
2008.01.13,-1,-1,-1,-1,-1,1,-1,-1,-1,-1,-1,-1,-1,-1,-1,-1,1,1,-1,-1,1,1,-1,-1,-1,-1,-1,1
2008.01.06,-1,-1,-1,1,1,1,1,1,-1,-1,1,-1,1,1,1,-1,1,-1,1,1,-1,-1,-1,1,1,1,1,1
2007.12.30,1,-1,-1,1,-1,1,-1,-1,-1,-1,-1,-1,-1,-1,1,-1,1,-1,-1,1,1,1,-1,-1,-1,1,1,1
2007.12.23,1,-1,1,1,-1,-1,1,1,-1,-1,1,-1,-1,-1,1,-1,-1,-1,1,1,1,1,-1,-1,-1,-1,1,-1
2007.12.16,1,-1,-1,-1,1,-1,1,-1,-1,-1,1,1,1,-1,1,-1,-1,-1,1,-1,-1,1,1,1,-1,-1,-1,1
2007.12.09,-1,1,-1,-1,1,1,-1,-1,1,1,-1,1,1,1,-1,1,1,1,-1,-1,1,-1,1,-1,1,-1,-1,-1
2007.12.02,-1,-1,-1,1,1,1,-1,1,-1,-1,1,-1,-1,1,1,-1,-1,-1,1,1,1,-1,1,-1,1,-1,1,-1
2007.11.25,1,1,-1,-1,1,1,1,1,1,1,1,1,1,1,-1,1,1,-1,1,1,-1,-1,1,1,1,1,1,1
2007.11.18,1,-1,1,1,-1,1,-1,1,-1,-1,-1,-1,-1,-1,1,-1,1,1,-1,1,1,1,-1,-1,-1,-1,1,-1
2007.11.11,1,-1,-1,-1,1,1,-1,-1,-1,-1,1,-1,-1,-1,1,-1,1,1,1,1,1,1,-1,-1,1,1,1,-1
2007.11.04,1,-1,1,1,-1,1,-1,-1,-1,-1,-1,-1,-1,-1,1,-1,1,1,-1,1,1,1,-1,-1,-1,-1,1,-1
2007.10.28,1,-1,1,1,1,-1,1,-1,1,-1,1,1,-1,-1,-1,1,-1,1,1,-1,1,1,1,1,1,-1,-1,1
2007.10.21,-1,1,-1,1,1,-1,1,1,1,1,-1,1,1,1,1,1,-1,-1,1,1,-1,-1,1,1,1,1,1,1
2007.10.14,1,-1,1,1,-1,-1,-1,-1,-1,-1,-1,-1,-1,-1,1,-1,1,1,-1,1,1,1,-1,-1,-1,-1,-1,1
2007.10.07,-1,1,-1,1,1,-1,1,1,1,1,-1,1,1,1,1,1,-1,-1,1,-1,-1,-1,1,1,1,-1,1,-1
2007.09.30,1,1,-1,-1,1,-1,1,1,1,1,1,1,1,1,-1,1,-1,-1,1,-1,-1,-1,1,1,1,-1,-1,1
2007.09.23,-1,-1,1,1,-1,-1,1,1,1,1,1,1,1,1,1,1,1,-1,1,1,-1,-1,1,1,1,1,1,1
2007.09.16,1,-1,1,1,1,-1,1,1,-1,1,1,1,1,1,1,1,-1,-1,1,-1,-1,-1,1,1,1,1,1,-1
2007.09.09,1,1,-1,1,1,-1,1,1,-1,1,1,1,1,1,1,1,-1,-1,1,-1,-1,-1,1,1,1,-1,1,-1
2007.09.02,1,-1,1,1,-1,-1,1,-1,-1,-1,-1,-1,-1,-1,1,-1,1,-1,-1,1,-1,1,-1,-1,-1,1,-1,1
2007.08.26,-1,1,1,-1,-1,1,-1,-1,1,1,-1,1,-1,-1,-1,-1,1,1,-1,1,1,1,-1,-1,-1,-1,-1,1
2007.08.19,-1,-1,1,1,1,-1,1,1,1,1,1,1,1,1,-1,1,1,-1,1,1,-1,-1,1,1,1,1,1,1
