date,GBPUSD,USDJPY,AUDUSD,NZDUSD,GBPCHF,EURCHF,AUDCHF,NZDCHF,EURGBP,GBPJPY,GBPCAD,GBPAUD,EURJPY,EURAUD,AUDJPY,NZDCAD,empty,sum
2016.08.15,-15.00000000000945,-153.0000000000058,0.0,0.0,-150.00000000000568,-56.99999999999594,-63.99999999999739,-21.999999999999797,0.0,-163.0000000000109,-59.99999999999339,-9.999999999998899,-158.00000000000125,-78.00000000000028,-216.00000000000819,-7.9999999999968985,,-1154.0000000000239
2016.08.15,-8.000000000008,-149.0000000000009,4.000000000004,52.000000000007596,-138.0000000000159,53.00000000001415,43.00000000000415,80.00000000000229,99.00000000000463,-157.0000000000107,-69.9999999999923,-75.99999999998718,-143.99999999999125,-99.99999999998899,-210.99999999999852,48.99999999999905,,-672.9999999999578
2016.08.15,-2.0000000000131024,-164.00000000000148,-36.999999999998145,69.00000000000794,-124.99999999999733,69.00000000000794,-43.999999999999595,134.99999999999625,106.00000000000608,-146.000000000015,-152.99999999998093,-139.00000000000023,-167.99999999999216,-180.99999999998673,-201.99999999999818,99.00000000000463,,-882.99999999996
2016.08.15,97.9999999999981,-138.9999999999958,12.999999999996348,92.00000000000318,-80.99999999999774,109.00000000000354,122.99999999999534,190.00000000000128,160.00000000000458,-31.00000000000591,-5.999999999994898,87.99999999999919,-109.99999999999943,-22.999999999995246,-227.00000000000387,180.99999999999784,,437.0000000000065
2016.08.15,121.99999999999989,-245.00000000000455,-24.999999999997247,60.00000000000449,-73.00000000001194,72.0000000000054,85.99999999999719,158.0000000000026,153.99999999999858,-133.00000000000978,-38.99999999998904,24.000000000001798,-176.9999999999925,-75.00000000000284,-225.9999999999991,182.99999999999983,,-133.99999999999721
2016.08.15,100.99999999999554,-301.00000000000193,-17.000000000000348,70.0000000000034,-70.99999999999883,92.00000000000318,92.99999999999864,146.00000000000168,160.00000000000458,-242.00000000001864,-34.000000000000696,28.000000000005798,-278.99999999999636,-75.00000000000284,-299.0000000000066,155.00000000000514,,-473.0000000000083
2016.08.15,58.000000000002494,-278.99999999999636,-68.00000000000139,8.000000000008,-143.00000000000423,87.99999999999919,61.999999999995396,118.00000000000699,129.00000000000134,-236.00000000001842,-79.99999999999119,-144.99999999999514,-239.00000000000432,-177.00000000000495,-245.00000000000455,77.00000000000485,,-1072.0000000000023
2016.08.15,63.99999999999739,-325.9999999999934,-178.00000000000037,-48.99999999999905,-178.00000000001148,103.00000000000864,-2.000000000002,78.00000000000028,90.0000000000012,-276.00000000001046,-238.99999999998923,-387.99999999998835,-227.99999999999443,-312.00000000000114,-174.0000000000066,89.00000000000574,,-1925.9999999999834
2016.08.15,-95.00000000000064,-337.0000000000033,-134.99999999999625,-35.999999999991594,-343.00000000000443,104.00000000001519,19.999999999997797,94.00000000000519,-9.00000000000345,-469.0000000000225,-403.99999999998215,-488.9999999999839,-268.0000000000007,-226.99999999999943,-221.00000000000364,111.00000000000554,,-2703.9999999999686
2016.08.15,-200.00000000000017,-334.99999999999375,-116.00000000000499,-0.999999999995449,-445.0000000000065,114.99999999999844,49.99999999999449,128.00000000000588,-92.99999999999864,-541.0000000000252,-507.9999999999973,-580.999999999987,-274.0000000000009,-188.9999999999947,-240.99999999999966,109.00000000000354,,-3122.0000000000014
2016.08.15,-192.99999999999872,-289.0000000000015,-134.0000000000008,-36.999999999998145,-443.99999999999994,107.99999999999699,29.999999999996696,109.00000000000354,-92.99999999999864,-521.000000000015,-473.99999999999665,-593.9999999999834,-179.00000000000205,-217.0000000000005,-212.0000000000033,133.00000000000534,,-3006.9999999999955
2016.08.15,-69.00000000000794,-287.00000000000614,-148.99999999999915,-182.99999999999983,-350.00000000000585,114.99999999999844,36.999999999998145,-24.999999999997247,-12.000000000000899,-399.0000000000009,-425.99999999999307,-503.99999999999335,-176.9999999999925,-252.99999999999213,-176.00000000000193,-82.00000000000429,,-2939.999999999998
2016.08.15,-120.00000000000898,-240.99999999999966,-117.00000000000044,-100.99999999999554,-398.00000000000944,144.0000000000108,63.99999999999739,53.999999999998494,-24.999999999997247,-392.00000000002433,-430.9999999999814,-499.9999999999893,-159.9999999999966,-211.00000000000563,-147.00000000000557,2.000000000002,,-2579.0000000000055
2016.08.15,-139.00000000000023,-233.0000000000041,-88.99999999999464,-119.99999999999788,-409.99999999999926,138.0000000000159,85.99999999999719,24.000000000001798,-43.999999999999595,-379.0000000000191,-432.9999999999945,-470.9999999999992,-152.9999999999916,-180.99999999998673,-167.0000000000016,-39.00000000000014,,-2609.9999999999736
2016.08.15,-129.00000000000134,-195.99999999999795,-63.99999999999739,-78.00000000000028,-389.0000000000171,141.00000000001333,99.00000000000463,60.99999999999994,-34.99999999999615,-338.0000000000223,-393.99999999998323,-414.00000000000324,-140.00000000000057,-157.99999999999147,-185.00000000000227,-19.999999999997797,,-2238.9999999999927
2016.08.15,-56.000000000011596,-206.00000000000307,-87.00000000000374,-79.99999999999119,-324.0000000000132,150.00000000000568,83.9999999999952,63.99999999999739,21.00000000000435,-291.00000000002524,-285.99999999998624,-371.99999999999454,-146.99999999999136,-178.99999999999582,-164.00000000000148,-21.00000000000435,,-1894.0000000000193
2016.08.15,-12.000000000012001,-221.00000000000364,-80.99999999999774,-101.99999999999099,-280.9999999999979,137.00000000000932,73.99999999999629,41.9999999999976,46.999999999997044,-252.00000000000955,-203.99999999998198,-310.9999999999946,-140.99999999999113,-170.00000000000347,-185.00000000000227,-46.999999999997044,,-1706.999999999982
2016.08.15,-120.00000000000898,-170.0000000000017,-21.00000000000435,-90.99999999999665,-354.0000000000099,144.99999999999514,138.00000000000477,46.999999999997044,-2.999999999997449,-294.00000000001114,-280.9999999999979,-220.99999999998232,-125.0,-52.99999999999194,-242.999999999995,-63.99999999999739,,-1709.999999999998
2016.08.15,-144.0000000000108,-159.9999999999966,17.000000000000348,-104.99999999999955,-377.0000000000051,147.00000000000824,185.00000000000182,43.999999999999595,2.000000000002,-240.0000000000091,-255.99999999998957,-159.99999999998238,-108.00000000000409,2.999999999997449,-219.0000000000083,-90.99999999999665,,-1461.9999999999925
2016.08.15,-191.00000000000784,-64.00000000000716,83.9999999999952,-17.999999999995797,-429.00000000001273,157.00000000000713,227.99999999999488,94.00000000000519,-22.999999999995246,-205.0000000000125,-297.9999999999983,-156.00000000000057,-34.99999999999659,89.00000000000574,-234.00000000000887,-21.00000000000435,,-1022.0000000000318
2016.08.15,-248.00000000000378,-39.00000000000148,131.99999999999878,79.00000000000685,-412.9999999999967,158.0000000000137,238.0000000000049,168.99999999999693,-12.999999999996348,-239.00000000000432,-298.9999999999826,-75.99999999998718,-52.99999999999727,110.99999999999443,-302.0000000000067,78.99999999999574,,-715.999999999965
2016.08.15,-140.0000000000068,-4.0000000000048885,190.00000000000128,133.00000000000534,-314.00000000001427,119.00000000000244,270.0000000000036,207.99999999999707,45.000000000006146,-108.00000000000409,-61.99999999998429,139.00000000000023,-21.000000000000796,209.9999999999991,-272.99999999999613,85.99999999999719,,478.000000000001
2016.08.15,-185.99999999999727,-15.000000000000568,177.00000000000495,152.00000000000767,-263.00000000001324,97.00000000001374,231.0000000000034,185.99999999999727,63.00000000000195,-133.00000000000978,-38.99999999998904,141.00000000001333,-52.99999999999727,190.00000000000128,-299.99999999999716,85.99999999999719,,334.0000000000364
2016.08.15,-40.0000000000178,10.99999999999568,185.00000000000182,192.00000000000327,-168.0000000000126,110.00000000001009,258.9999999999981,246.99999999999721,104.99999999999955,41.99999999997317,150.00000000000568,284.00000000001756,13.999999999995794,217.0000000000005,-272.00000000000557,102.99999999999754,,1438.9999999999602
2016.08.15,7.999999999985796,128.0000000000001,141.00000000000225,246.00000000000176,-138.0000000000159,120.00000000000898,219.99999999999798,302.9999999999977,143.9999999999997,209.99999999997954,182.0000000000155,297.9999999999983,126.99999999999534,124.00000000001299,-197.00000000000273,195.9999999999962,,2111.999999999974
2016.08.15,20.999999999982144,96.9999999999942,128.00000000000588,226.00000000000398,-134.00000000001188,131.00000000001444,217.99999999999596,312.9999999999966,156.00000000000057,209.99999999997954,69.00000000000794,235.00000000000742,129.0000000000049,117.00000000001154,-126.99999999999534,258.0000000000027,,2047.000000000001
2016.08.15,-46.999999999997044,66.0000000000025,117.00000000000044,225.00000000000853,-170.00000000000347,106.00000000000608,170.00000000000347,277.000000000005,117.99999999999588,88.99999999999864,37.00000000002035,116.00000000000499,66.0000000000025,63.000000000013046,-159.00000000000603,212.00000000000108,,1286.0000000000557
2016.08.15,-8.000000000008,10.000000000005116,89.00000000000574,195.00000000000074,-102.00000000000209,93.00000000000975,151.9999999999966,239.0000000000003,145.00000000000622,48.99999999997817,147.00000000000824,96.00000000000719,-1.9999999999953388,22.0000000000109,-167.0000000000016,56.99999999999594,,1015.000000000018
2016.08.15,-15.00000000000945,16.000000000005343,89.00000000000574,178.00000000000037,-110.00000000001009,90.00000000001229,134.99999999999625,177.00000000000495,141.99999999999767,59.99999999997385,333.0000000000055,116.00000000000499,-9.999999999990905,-12.999999999996348,-174.0000000000066,34.99999999999615,,1048.9999999999898
2016.08.15,133.99999999998968,67.99999999999784,70.0000000000034,187.00000000000384,109.00000000000354,90.99999999999665,121.00000000000443,194.0000000000053,284.0000000000065,284.9999999999966,443.0000000000156,331.0000000000146,15.000000000000568,-89.00000000000574,-147.00000000000557,68.99999999999685,,2165.000000000024
2016.08.15,168.99999999999693,9.000000000000341,112.000000000001,274.00000000000756,75.99999999998718,153.00000000000313,134.99999999999625,284.0000000000065,356.00000000000074,302.99999999999727,485.0000000000021,443.99999999999994,-111.0000000000042,-107.99999999999699,-212.0000000000033,161.00000000000003,,2529.999999999995
2016.08.15,295.0000000000008,-70.00000000000739,43.00000000000415,194.0000000000053,167.9999999999904,175.99999999999838,119.99999999999788,246.00000000000176,439.0000000000005,364.9999999999807,618.0000000000074,517.9999999999962,-176.00000000000193,-148.99999999999915,-215.0000000000034,131.99999999999878,,2703.9999999999704
2016.08.15,414.9999999999876,-64.00000000000716,36.999999999998145,163.00000000000205,275.000000000003,150.00000000000568,92.99999999999864,182.00000000000438,450.00000000000597,409.9999999999966,681.0000000000205,540.0000000000072,-176.00000000000193,-154.99999999999403,-195.99999999999795,78.00000000000028,,2883.0000000000286
2016.08.15,324.9999999999975,-36.000000000001364,65.00000000000395,174.00000000000747,314.99999999999864,168.99999999999693,100.99999999999554,187.00000000000384,517.0000000000008,371.9999999999857,742.0000000000205,634.0000000000013,-268.0000000000007,-296.0000000000074,-222.99999999999898,41.9999999999976,,2820.0000000000014
2016.08.15,400.9999999999847,-120.99999999999511,46.999999999997044,135.00000000000733,326.0000000000041,219.00000000001364,104.00000000000409,151.00000000000114,563.0000000000024,373.9999999999952,818.0000000000076,592.0000000000148,-310.0000000000023,-296.9999999999917,-225.00000000000853,-49.99999999999449,,2727.00000000004
2016.08.15,392.9999999999989,-84.99999999999375,114.99999999999844,165.00000000000404,455.99999999998977,113.00000000000753,78.99999999999574,139.00000000000023,607.0000000000019,390.99999999999113,970.0000000000042,711.0000000000172,-350.9999999999991,-234.00000000000088,-311.9999999999976,-41.9999999999976,,3115.0000000000196
2016.08.15,339.0000000000004,0.0,287.0000000000039,263.0000000000021,488.9999999999839,102.00000000000209,166.99999999999494,136.99999999999824,572.0000000000058,420.99999999999227,756.0000000000011,978.9999999999966,-283.9999999999918,46.0000000000127,-397.99999999999613,63.99999999999739,,3940.0000000000027
2016.08.15,414.9999999999876,7.999999999995566,285.00000000000193,322.00000000000006,634.0000000000013,49.00000000001015,114.00000000000298,155.00000000000514,644.0000000000001,492.999999999995,849.0000000000109,1072.0000000000064,-269.999999999996,19.00000000001345,-370.9999999999951,224.000000000002,,4642.000000000041
2016.08.15,421.99999999998903,-79.9999999999983,294.00000000000534,296.0000000000074,617.0000000000009,51.000000000001044,156.99999999999602,151.00000000000114,612.9999999999969,401.9999999999868,903.0000000000093,1099.0000000000055,-325.9999999999934,76.99999999999375,-423.0000000000018,136.00000000000279,,4389.000000000003
2016.08.15,431.99999999998795,-162.9999999999967,243.00000000000432,235.00000000000742,514.9999999999987,77.00000000001594,185.99999999999727,172.00000000000549,541.0000000000026,295.99999999999227,922.0000000000006,1007.0000000000024,-361.0000000000042,114.0000000000141,-469.0000000000083,90.0000000000012,,3837.0000000000205
2016.08.15,404.9999999999887,-111.99999999999477,253.99999999999866,250.00000000000577,498.9999999999828,73.00000000001194,197.99999999999818,178.00000000000037,526.0000000000042,312.9999999999882,890.000000000013,1005.0000000000115,-278.99999999999636,158.0000000000137,-433.9999999999975,89.00000000000574,,4013.000000000035
2016.08.15,373.00000000000114,-84.99999999999375,282.99999999999994,271.0000000000101,495.000000000001,70.0000000000145,202.0000000000022,194.0000000000053,524.0000000000023,307.9999999999927,868.000000000002,997.0000000000034,-266.9999999999959,173.00000000000094,-418.00000000000637,121.99999999999989,,4110.00000000004
2016.08.15,366.999999999984,-108.00000000000409,265.99999999999955,295.0000000000008,490.999999999997,15.00000000000945,173.9999999999964,195.00000000000074,502.9999999999979,283.9999999999918,875.0000000000035,965.0000000000158,-265.00000000000057,165.9999999999995,-421.99999999999704,119.00000000000244,,3919.999999999997
2016.08.15,405.9999999999952,-149.0000000000009,234.99999999999633,286.00000000000847,563.9999999999867,9.000000000014552,156.99999999999602,184.00000000000637,534.0000000000011,288.99999999998727,973.0000000000016,982.0000000000161,-319.9999999999932,117.99999999999588,-444.0000000000026,92.00000000000318,,3916.0000000000123
2016.08.15,401.99999999999125,-147.00000000000557,209.9999999999991,250.00000000000577,490.999999999997,46.999999999997044,143.9999999999997,175.00000000000293,517.9999999999962,290.9999999999968,890.000000000013,866.0000000000113,-307.00000000000216,65.00000000000395,-412.9999999999967,78.99999999999574,,3561.0000000000055
2016.08.15,405.9999999999952,-126.00000000000477,202.9999999999976,249.00000000001032,493.99999999999443,70.0000000000145,131.00000000000333,173.9999999999964,522.0000000000002,285.99999999997294,916.0000000000057,875.0000000000035,-307.9999999999927,28.000000000005798,-385.0000000000051,73.99999999999629,,3608.9999999999936
2016.08.15,398.9999999999938,-150.99999999999625,172.00000000000549,258.0000000000027,503.99999999999335,53.00000000001415,102.99999999999754,167.00000000000603,529.0000000000017,274.0000000000009,836.0000000000146,792.9999999999993,-313.99999999999295,-25.999999999992696,-365.99999999999966,90.0000000000012,,3321.00000000005
2016.08.15,348.9999999999993,-144.99999999999602,172.00000000000549,241.00000000000233,445.99999999999085,48.000000000003595,102.00000000000209,163.99999999999747,468.00000000000176,217.9999999999893,774.000000000008,714.999999999999,-313.0000000000024,0.0,-376.0000000000048,100.00000000000009,,2962.9999999999964
2016.08.16,384.9999999999909,-155.00000000000114,173.9999999999964,258.0000000000027,459.99999999999375,-0.9999999999843467,60.00000000000449,187.00000000000384,422.9999999999956,232.99999999997567,724.0000000000135,822.0000000000116,-343.0000000000035,14.000000000002899,-376.99999999999534,109.00000000000354,,2973.000000000011
2016.08.16,375.9999999999986,-156.99999999999648,190.99999999999673,286.00000000000847,394.9999999999898,83.9999999999952,95.99999999999609,204.00000000000418,494.00000000000557,219.99999999999886,729.0000000000018,806.0000000000178,-338.99999999999864,18.0000000000069,-393.0000000000007,190.99999999999673,,3201.0000000000214
2016.08.16,339.0000000000004,-159.00000000000603,207.99999999999707,297.00000000000284,420.9999999999825,55.000000000005045,131.00000000000333,214.99999999999852,492.999999999999,185.99999999997863,742.0000000000205,831.000000000004,-343.0000000000035,63.000000000013046,-436.00000000000705,197.00000000000273,,3239.999999999991
2016.08.16,283.99999999999534,-138.00000000000523,228.00000000000597,361.0000000000002,387.99999999998835,72.0000000000054,165.9999999999995,287.0000000000039,458.9999999999983,184.99999999997385,692.0000000000038,758.9999999999985,-329.9999999999983,75.00000000000284,-439.9999999999977,265.0000000000041,,3312.9999999999786
2016.08.16,286.99999999999284,-96.00000000000364,207.99999999999707,318.00000000000716,373.00000000000114,66.99999999999484,161.99999999999548,246.99999999999721,446.9999999999974,215.99999999997976,686.0000000000089,754.0000000000102,-274.9999999999915,59.99999999999339,-385.9999999999957,222.99999999999542,,3290.99999999998
2016.08.16,358.9999999999982,-174.0000000000066,211.00000000000563,299.00000000000483,414.9999999999876,78.00000000000028,173.00000000000094,256.99999999999613,475.99999999999864,193.9999999999884,734.0000000000124,839.9999999999964,-316.99999999999307,80.99999999999774,-427.0000000000067,229.99999999999687,,3428.999999999977
2016.08.16,374.999999999992,-149.0000000000009,202.9999999999976,308.00000000000824,410.99999999998363,48.000000000003595,163.99999999999747,255.00000000000523,473.0000000000012,242.999999999995,750.0000000000063,815.0000000000101,-298.9999999999924,83.00000000001084,-387.00000000000045,226.00000000000398,,3519.000000000022
2016.08.16,279.99999999999136,-66.0000000000025,151.00000000000114,218.00000000000708,354.9999999999942,62.000000000006494,109.00000000000354,163.00000000000205,426.00000000000415,280.9999999999775,619.000000000014,604.0000000000045,-170.99999999999227,-11.00000000000545,-314.9999999999977,117.00000000000044,,2822.0000000000086
2016.08.16,312.00000000000114,39.00000000000148,95.00000000000064,187.00000000000384,380.00000000000256,70.0000000000145,53.999999999998494,133.00000000000534,443.0000000000045,410.99999999997294,648.0000000000041,521.0000000000159,-79.9999999999983,-140.0000000000068,-185.00000000000227,68.99999999999685,,2957.000000000015
2016.08.16,333.9999999999899,54.000000000002046,7.0000000000014495,180.0000000000024,393.99999999998323,93.00000000000975,-0.999999999995449,153.99999999999858,475.0000000000032,449.99999999998863,686.0000000000089,421.0000000000047,-87.99999999999386,-279.99999999999136,-274.0000000000009,102.99999999999754,,2708.000000000009
2016.08.16,365.99999999999966,125.0,-2.999999999997449,159.00000000000912,398.9999999999938,94.00000000001629,-5.999999999994898,134.99999999999625,478.0000000000006,594.9999999999989,681.0000000000205,398.00000000000944,12.000000000000455,-304.9999999999997,-40.00000000000625,85.99999999999719,,3174.000000000044
2016.08.16,177.99999999998929,121.99999999999989,70.0000000000034,269.00000000000813,323.99999999999096,68.00000000000139,51.99999999999649,233.00000000000543,421.0000000000047,567.9999999999836,555.0000000000166,514.0000000000144,22.00000000000557,-153.00000000000313,-55.00000000000682,199.00000000000472,,3387.0000000000146
2016.08.16,149.9999999999835,501.0000000000048,182.99999999999983,322.00000000000006,349.99999999998363,72.0000000000054,92.00000000000318,219.00000000000253,421.0000000000047,910.9999999999729,558.0000000000141,577.0000000000052,356.9999999999993,-53.999999999998494,111.0000000000042,207.00000000000162,,4976.999999999987
2016.08.16,95.999999999985,612.9999999999995,244.99999999999523,412.00000000000125,343.00000000000443,62.000000000006494,119.00000000000244,278.00000000000045,426.9999999999996,974.9999999999943,559.0000000000206,693.0000000000102,420.0000000000017,-18.0000000000069,121.99999999999989,292.9999999999988,,5639.000000000014
2016.08.16,121.99999999999989,641.0000000000053,282.99999999999994,414.00000000000324,354.9999999999942,62.000000000006494,143.00000000000423,265.99999999999955,426.00000000000415,996.9999999999857,579.0000000000184,685.0000000000023,448.0000000000075,51.000000000001044,129.0000000000049,278.9999999999959,,5880.000000000033
2016.08.16,131.99999999999878,521.0000000000008,241.99999999999778,378.00000000000057,344.99999999999534,78.00000000000028,116.00000000000499,243.00000000000432,426.9999999999996,887.9999999999768,590.0000000000016,646.0000000000132,295.0000000000017,-31.999999999987594,51.9999999999925,246.00000000000176,,5167.000000000004
2016.08.16,102.00000000000209,576.9999999999982,278.9999999999959,430.00000000000813,394.9999999999898,86.0000000000083,97.00000000000264,260.00000000000466,483.99999999999557,939.9999999999977,596.0000000000188,702.0000000000026,284.000000000006,-70.99999999999883,48.99999999999238,285.00000000000193,,5495.000000000026
2016.08.16,-14.000000000002899,682.9999999999927,375.0000000000031,534.0000000000011,364.9999999999931,75.00000000000284,136.00000000000279,307.0000000000017,448.9999999999994,936.9999999999834,449.0000000000105,717.9999999999964,347.999999999999,0.0,66.0000000000025,404.99999999999983,,5832.999999999986
2016.08.16,-58.000000000002494,762.0000000000005,417.99999999999613,632.0000000000103,381.99999999999346,39.00000000001125,161.99999999999548,336.9999999999984,468.00000000000176,1099.9999999999943,419.0000000000138,754.0000000000102,387.00000000000045,43.999999999999595,42.999999999992156,509.00000000000387,,6398.000000000019
2016.08.16,-35.00000000000725,831.9999999999936,512.0000000000014,711.000000000006,651.9999999999859,7.0000000000014495,78.99999999999574,324.00000000000205,614.9999999999989,1137.9999999999768,540.0000000000072,1079.0000000000077,195.0000000000074,-113.00000000000753,15.000000000000568,587.0000000000042,,7137.9999999999745
2016.08.16,146.99999999998602,756.0000000000002,492.999999999999,716.0000000000056,872.9999999999905,-123.99999999999079,-78.99999999999574,168.00000000000148,785.0000000000024,1233.9999999999804,718.0000000000186,1199.0000000000168,111.0000000000042,-174.00000000000747,1.0000000000047748,585.0000000000022,,7409.000000000016
2016.08.16,-189.00000000001694,710.9999999999985,544.9999999999955,793.0000000000103,961.9999999999961,-163.00000000000205,-114.00000000000298,158.99999999999804,719.9999999999984,885.9999999999957,621.0000000000049,983.0000000000006,-131.00000000000023,-289.9999999999903,-135.99999999999568,583.0000000000002,,5939.999999999991
2016.08.16,-221.00000000000452,775.9999999999962,602.999999999998,920.0000000000097,960.9999999999897,-72.99999999998974,-131.00000000000333,219.99999999999798,744.0000000000002,852.9999999999802,621.0000000000049,937.00000000001,-132.99999999999557,-306.00000000000625,-81.00000000000307,655.0000000000056,,6344.99999999999
2016.08.16,-739.0000000000008,733.9999999999947,561.0000000000003,848.9999999999998,454.9999999999832,-113.99999999999189,-129.9999999999968,190.99999999999673,387.99999999999943,254.99999999999545,-70.99999999999883,226.99999999999943,-146.0000000000008,-329.00000000000153,-102.00000000000387,614.0000000000034,,2642.9999999999786
2016.08.16,-567.0000000000064,763.9999999999958,560.0000000000049,851.0000000000017,592.9999999999991,-139.00000000000023,-117.00000000000044,175.00000000000293,470.9999999999992,545.9999999999923,213.00000000001873,520.0000000000093,-57.999999999992724,-258.99999999998704,-85.99999999999852,590.999999999997,,4058.0000000000346
2016.08.16,-733.0000000000059,871.9999999999999,661.0000000000005,994.000000000006,610.9999999999837,-207.99999999998596,-129.00000000000134,246.00000000000176,439.99999999999596,550.9999999999877,213.00000000001873,486.00000000000864,-7.000000000005002,-160.00000000000458,-94.0000000000083,570.0000000000039,,4312.999999999995
2016.08.16,-692.0000000000038,1003.0000000000001,722.0000000000005,1036.0000000000036,675.9999999999877,-271.99999999998334,-131.00000000000333,219.99999999999798,450.00000000000597,699.9999999999886,572.0000000000169,612.9999999999969,103.9999999999992,-113.99999999999189,-88.00000000000807,468.00000000000176,,5267.00000000001
2016.08.16,-614.0000000000034,966.9999999999987,711.000000000006,1030.0000000000086,808.9999999999931,-269.9999999999925,-195.00000000000074,170.99999999999892,521.0000000000048,768.999999999977,795.0000000000124,658.0000000000031,52.00000000000671,-198.99999999999363,-39.00000000000148,389.000000000006,,5555.000000000024
2016.08.16,-758.9999999999985,1034.000000000006,712.9999999999969,1019.0000000000032,794.9999999999901,-209.9999999999991,-226.00000000000398,82.99999999999974,522.0000000000002,735.99999999999,679.0000000000074,592.9999999999991,1.0000000000047748,-314.99999999999864,7.999999999995566,409.99999999999926,,5082.999999999991
2016.08.16,-744.0000000000114,1126.0000000000048,753.0000000000036,1044.0000000000005,937.9999999999944,-226.99999999999943,-236.99999999999832,68.99999999999685,611.000000000006,800.9999999999877,670.9999999999993,661.0000000000005,28.000000000005798,-323.0000000000066,-7.000000000005002,353.0000000000033,,5516.999999999982
2016.08.16,-687.9999999999998,1251.9999999999955,753.0000000000036,1049.0,1036.999999999999,-262.999999999991,-278.9999999999959,-60.99999999999994,692.9999999999992,1071.9999999999743,836.9999999999989,707.9999999999975,125.0,-392.9999999999989,108.00000000000409,338.00000000000495,,6287.99999999999
2016.08.16,-910.0000000000108,885.9999999999957,472.00000000000574,640.0000000000073,909.9999999999886,-305.9999999999841,-331.0000000000035,-60.99999999999994,653.0000000000035,899.0000000000009,718.0000000000186,565.0000000000155,55.00000000000682,-519.9999999999872,111.0000000000042,92.99999999999864,,3874.000000000061
2016.08.16,-619.9999999999983,662.0000000000061,353.99999999999875,481.0000000000092,781.9999999999939,-263.99999999999756,-388.9999999999949,-231.99999999999886,499.000000000005,430.9999999999832,461.0000000000003,63.99999999999739,-158.00000000000125,-611.9999999999903,57.999999999992724,-31.000000000003247,,1486.0000000000018
2016.08.16,-612.9999999999969,661.0000000000014,212.00000000000108,458.00000000000284,802.9999999999982,-346.9999999999862,-548.0000000000041,-303.9999999999932,431.0000000000036,363.9999999999759,218.00000000000708,-234.99999999998522,-221.9999999999942,-784.9999999999912,85.99999999999852,0.999999999995449,,180.00000000003308
2016.08.16,-822.9999999999959,590.999999999994,195.00000000000074,465.9999999999998,773.0000000000015,-309.99999999998806,-666.9999999999953,-331.0000000000035,441.0000000000025,180.99999999998317,294.0000000000165,-409.99999999999926,-317.99999999999784,-1061.000000000001,79.9999999999983,-10.999999999994348,,-909.9999999999787
2016.08.16,-626.0000000000155,584.9999999999937,195.9999999999962,479.0000000000072,798.9999999999942,-295.0000000000008,-634.9999999999967,-326.9999999999995,478.0000000000006,199.99999999998863,70.0000000000145,-442.9999999999934,-298.9999999999924,-1001.9999999999918,138.00000000000523,43.00000000000415,,-638.9999999999857
2016.08.16,-818.0000000000076,599.0000000000038,173.00000000000094,618.0000000000074,617.9999999999852,-253.99999999999866,-619.9999999999983,-163.00000000000205,417.0000000000007,197.99999999997908,-46.999999999997044,-434.9999999999854,-265.99999999999113,-1035.9999999999925,39.99999999999204,353.0000000000033,,-623.0000000000003
2016.08.16,-1124.9999999999982,775.0000000000057,385.000000000002,800.0000000000007,412.9999999999967,-212.99999999999653,-494.00000000000557,-64.99999999999284,245.0000000000063,-28.00000000002001,-323.99999999999096,-636.9999999999986,-278.99999999999636,-862.0000000000072,91.99999999999875,392.00000000000347,,-924.999999999993
2016.08.16,-1097.999999999999,710.9999999999985,343.00000000000443,769.0000000000085,411.99999999999017,-214.99999999998744,-487.99999999999955,-58.99999999999794,255.00000000000523,-35.00000000002501,-270.99999999999903,-638.9999999999895,-236.99999999999477,-835.9999999999923,115.99999999999966,360.0000000000048,,-911.9999999999734
2016.08.16,-1175.000000000015,682.9999999999927,326.0000000000041,756.0000000000011,214.99999999998744,-243.99999999999977,-499.000000000005,-39.00000000000014,114.99999999999844,-216.00000000000819,-464.9999999999821,-881.9999999999828,-224.00000000000375,-839.9999999999964,94.99999999999886,351.99999999999676,,-2042.0000000000132
2016.08.16,-1252.0000000000086,790.9999999999968,431.99999999999903,882.000000000005,218.99999999999142,-241.00000000000233,-402.9999999999978,67.00000000000594,104.99999999999955,-144.00000000000546,-374.999999999992,-695.9999999999856,-138.9999999999958,-632.9999999999947,66.0000000000025,422.9999999999956,,-897.9999999999861
2016.08.16,-1311.0000000000177,871.9999999999999,473.99999999999665,948.9999999999999,259.9999999999936,-236.99999999999832,-404.99999999999983,94.00000000000519,116.00000000000499,-94.99999999999886,-400.00000000000034,-700.999999999996,-105.00000000000398,-636.9999999999986,111.99999999999477,504.9999999999999,,-509.000000000019
2016.08.16,-1310.0000000000111,873.9999999999952,477.0000000000052,970.0000000000042,262.999999999991,-245.99999999999068,-431.0000000000036,94.00000000000519,124.00000000000189,-125.0,-389.99999999997925,-725.9999999999823,-137.00000000000045,-648.0000000000041,99.99999999999432,467.0000000000063,,-643.9999999999679
2016.08.16,-1224.000000000003,831.0000000000031,422.00000000000017,927.0,310.9999999999946,-265.99999999998846,-485.0000000000021,41.000000000002146,153.99999999999858,-60.000000000002274,-228.99999999999034,-746.0000000000023,-140.99999999999113,-729.9999999999862,105.00000000000398,434.9999999999965,,-654.9999999999667
2016.08.16,-1243.0000000000164,810.9999999999928,431.99999999999903,917.0000000000011,266.999999999995,-217.0000000000005,-434.9999999999965,60.99999999999994,145.00000000000622,-121.00000000000932,-309.99999999998806,-693.9999999999947,-195.99999999999795,-733.9999999999902,102.99999999999443,458.9999999999983,,-755.0000000000067
2016.08.16,-1212.000000000013,820.999999999998,394.00000000000546,854.0000000000103,279.99999999999136,-204.00000000000418,-466.9999999999952,9.999999999998899,170.00000000000347,-100.99999999999909,-332.9999999999833,-810.999999999984,-179.9999999999926,-821.000000000005,128.0000000000001,372.0000000000057,,-1099.999999999963
2016.08.16,-1262.0000000000075,834.0000000000032,404.0000000000044,861.0000000000007,245.99999999999068,-217.0000000000005,-470.9999999999992,4.000000000004,139.00000000000023,-135.00000000001933,-389.99999999997925,-854.9999999999835,-185.99999999999284,-818.9999999999919,138.9999999999958,399.0000000000049,,-1308.99999999997
2016.08.16,-1258.0000000000036,795.0000000000017,387.99999999999943,893.0000000000105,268.9999999999859,-265.0000000000041,-517.9999999999962,26.000000000003798,131.00000000000333,-198.0000000000075,-542.9999999999824,-895.9999999999857,-191.99999999999307,-812.999999999997,140.99999999999113,463.0000000000023,,-1576.999999999972
2016.08.17,-1251.000000000002,822.0000000000027,375.0000000000031,950.0000000000064,272.99999999998994,-543.999999999989,-705.9999999999956,-100.00000000000009,123.00000000000644,-152.00000000001523,-513.9999999999923,-831.000000000004,-186.9999999999976,-788.9999999999952,147.99999999999613,550.000000000006,,-1832.9999999999804
2016.08.17,-1238.0000000000057,828.9999999999935,422.00000000000017,963.0000000000027,312.00000000000114,-272.99999999998994,-483.99999999999557,85.99999999999719,121.99999999999989,-127.00000000000955,-446.9999999999974,-790.0000000000018,-147.99999999999613,-727.9999999999953,143.99999999999125,546.000000000002,,-811.0000000000034
2016.08.17,-1273.000000000013,799.0000000000066,404.99999999999983,920.0000000000097,312.00000000000114,-278.00000000000045,-519.0000000000028,19.00000000000235,124.99999999999733,-197.00000000000273,-514.9999999999987,-856.9999999999967,-200.00000000000284,-764.9999999999934,126.99999999999534,539.0000000000006,,-1357.9999999999982
2016.08.17,-1507.0000000000139,786.0000000000014,392.00000000000347,955.0000000000058,114.99999999999844,-280.9999999999979,-543.0000000000045,-14.000000000002899,-4.999999999999449,-454.00000000000773,-696.999999999992,-1115.9999999999836,-233.0000000000041,-838.0000000000055,16.999999999995907,531.0000000000036,,-2892.0000000000027
2016.08.17,-1234.0000000000018,760.0000000000051,392.00000000000347,893.0000000000105,339.0000000000004,-286.99999999999284,-497.99999999999847,19.999999999997797,139.99999999999568,-128.00000000001432,-455.99999999998977,-795.9999999999967,-200.00000000000284,-754.9999999999945,52.99999999999727,511.0000000000059,,-1245.999999999975
2016.08.17,-1178.9999999999968,783.0000000000013,399.0000000000049,897.0000000000033,358.9999999999982,-278.00000000000045,-504.9999999999999,26.000000000003798,163.99999999999747,-126.00000000000477,-441.99999999998687,-774.9999999999924,-188.0000000000024,-767.9999999999909,115.99999999999966,526.9999999999997,,-989.9999999999662
2016.08.17,-1192.0000000000152,539.0000000000015,399.0000000000049,918.0000000000077,378.999999999996,-259.9999999999936,-509.00000000000387,36.0000000000027,185.99999999999727,-390.0000000000148,-434.9999999999854,-682.9999999999892,-498.9999999999952,-797.9999999999876,-76.00000000000762,575.9999999999987,,-1808.9999999999836
2016.08.17,-1272.0000000000064,433.9999999999975,317.0000000000006,918.0000000000077,297.9999999999983,-253.99999999999866,-565.0000000000044,51.000000000001044,129.9999999999968,-629.0000000000191,-620.9999999999827,-1010.9999999999841,-582.9999999999984,-914.9999999999991,-117.999999999995,599.0000000000051,,-3220.999999999981
2016.08.17,-1414.000000000004,521.0000000000008,363.99999999999767,1033.0000000000061,282.9999999999888,-258.0000000000027,-609.9999999999994,104.99999999999955,123.00000000000644,-597.0000000000084,-654.9999999999834,-1068.9999999999866,-542.9999999999922,-997.9999999999878,-58.9999999999975,709.0000000000041,,-3064.9999999999586
2016.08.17,-1435.0000000000084,539.0000000000015,392.00000000000347,979.0000000000076,231.0000000000034,-251.99999999998556,-566.9999999999953,58.99999999999794,99.00000000000463,-632.000000000005,-661.9999999999848,-1046.999999999998,-552.9999999999973,-913.9999999999926,-88.00000000000807,612.0000000000015,,-3238.999999999955
2016.08.17,-1300.0000000000123,518.0000000000007,234.99999999999633,864.0000000000092,272.99999999998994,-248.99999999998812,-656.9999999999965,-14.999999999998348,128.00000000000588,-588.0000000000223,-559.9999999999827,-1211.999999999991,-563.0000000000024,-1106.9999999999914,-37.9999999999967,470.00000000000375,,-3800.9999999999754
2016.08.17,-1197.0000000000036,513.0000000000052,250.00000000000577,850.0000000000063,336.00000000000296,-251.99999999998556,-617.9999999999964,4.000000000004,175.00000000000293,-456.0000000000173,-426.9999999999996,-1042.9999999999939,-477.99999999999443,-1028.9999999999911,57.999999999992724,477.0000000000052,,-2836.999999999957
2016.08.17,-1194.0000000000061,484.99999999999943,260.00000000000466,865.0000000000047,320.9999999999935,-234.00000000000088,-609.9999999999994,19.00000000000235,165.00000000000404,-530.0000000000011,-505.99999999998425,-1041.9999999999873,-533.9999999999918,-1022.9999999999961,15.000000000000568,517.0000000000008,,-3025.999999999957
2016.08.17,-1221.0000000000055,457.9999999999984,216.0000000000051,797.0000000000033,295.99999999998516,-236.99999999999832,-644.0000000000001,-46.00000000000159,146.99999999999713,-587.0000000000175,-547.999999999993,-1133.9999999999907,-563.0000000000024,-1083.9999999999961,12.000000000000455,463.0000000000023,,-3675.0000000000123
2016.08.17,-1154.0000000000105,468.0000000000035,192.99999999999872,773.0000000000015,336.00000000000296,-243.99999999999977,-661.9999999999959,-63.99999999999739,180.0000000000024,-492.00000000001864,-489.99999999999045,-1169.9999999999823,-518.9999999999912,-1122.0000000000007,58.9999999999975,424.00000000000216,,-3483.9999999999786
2016.08.17,-1143.0000000000052,176.00000000000193,92.99999999999864,664.000000000009,295.99999999998516,-231.0000000000034,-702.9999999999981,-119.00000000000244,156.00000000000057,-832.000000000022,-528.9999999999795,-1329.0000000000025,-786.0000000000014,-1232.9999999999952,-37.9999999999967,341.0000000000024,,-5217.000000000009
2016.08.17,-1183.0000000000007,-46.00000000000648,70.99999999999883,637.0000000000098,129.99999999998568,-214.00000000000307,-690.0000000000017,-102.99999999999754,63.00000000000195,-1135.0000000000193,-624.9999999999867,-1402.9999999999986,-998.9999999999952,-1215.9999999999948,-197.00000000000273,307.0000000000017,,-6603.000000000009
2016.08.17,-1168.9999999999977,1.9999999999953388,112.000000000001,665.0000000000044,146.99999999998602,-204.99999999998852,-624.0000000000023,-59.99999999999339,70.99999999999883,-1098.0000000000132,-619.9999999999983,-1331.9999999999998,-912.9999999999967,-1095.0000000000016,-225.00000000000853,356.9999999999962,,-5987.000000000017
2016.08.17,-1333.0000000000064,93.99999999999409,146.00000000000168,679.0000000000074,86.99999999999264,-221.00000000000452,-634.0000000000013,-87.00000000000374,24.999999999997247,-1124.0000000000236,-713.9999999999924,-1408.9999999999936,-887.999999999991,-1099.0000000000055,-191.0000000000025,338.00000000000495,,-6331.000000000027
2016.08.17,-1300.0000000000123,141.9999999999959,75.9999999999983,626.9999999999998,140.99999999999113,-249.99999999999466,-675.9999999999989,-107.00000000000153,46.999999999997044,-1034.0000000000202,-682.9999999999892,-1300.9999999999966,-804.000000000002,-1147.9999999999934,-155.00000000000114,351.0000000000013,,-6074.000000000026
2016.08.17,-1089.0000000000066,174.0000000000066,63.00000000000195,691.0000000000083,266.999999999995,-270.99999999999903,-719.000000000003,-83.9999999999952,141.99999999999767,-828.000000000003,-476.9999999999941,-1220.9999999999832,-775.9999999999962,-1190.0000000000023,-132.000000000005,395.99999999999636,,-5053.999999999982
2016.08.17,-1095.0000000000016,262.00000000000045,158.99999999999804,757.0000000000076,374.999999999992,-339.0000000000004,-721.000000000005,-82.99999999999974,146.99999999999713,-673.0000000000018,-383.0,-1136.999999999988,-683.9999999999975,-1122.0000000000007,-49.99999999999716,394.00000000000546,,-4192.999999999991
2016.08.17,-1151.0000000000132,313.99999999999295,70.99999999999883,700.0000000000006,407.0000000000018,-346.9999999999862,-783.9999999999958,-129.00000000000134,126.0000000000039,-691.0000000000025,-617.9999999999852,-1322.000000000001,-632.9999999999956,-1228.9999999999911,45.99999999999227,412.9999999999967,,-4826.999999999985
2016.08.17,-1392.9999999999998,257.000000000005,-192.00000000000327,567.0000000000064,164.99999999999292,-356.00000000000074,-960.0000000000053,-219.00000000000253,-24.000000000001798,-1003.0000000000143,-956.0000000000013,-1697.9999999999995,-694.0000000000026,-1651.0000000000025,12.000000000000455,389.000000000006,,-7756.000000000023
2016.08.17,-1072.0000000000064,269.00000000000546,-329.00000000000153,447.0000000000085,364.9999999999931,-299.99999999998914,-1082.0000000000052,-309.0000000000037,156.99999999999602,-638.0000000000052,-813.9999999999814,-1997.9999999999886,-609.9999999999994,-1910.9999999999961,317.99999999999784,309.99999999999915,,-7196.999999999976
2016.08.17,-1255.0000000000061,323.99999999999807,-239.0000000000003,503.000000000009,215.99999999999397,-292.9999999999877,-1066.9999999999957,-312.9999999999966,85.00000000000173,-783.0000000000155,-954.9999999999948,-2207.000000000003,-643.0000000000007,-1902.0000000000036,370.9999999999951,282.99999999999994,,-7875.000000000005
2016.08.17,-1221.0000000000055,316.0000000000025,-329.999999999997,388.0000000000106,239.99999999999577,-253.99999999999866,-1115.9999999999948,-387.99999999999943,97.00000000000264,-735.0000000000136,-906.9999999999911,-2214.999999999989,-646.9999999999914,-2075.999999999989,420.0000000000017,180.0000000000024,,-8247.999999999955
2016.08.17,-1059.00000000001,310.0000000000023,-387.99999999999943,385.000000000002,336.00000000000296,-214.99999999998744,-1161.9999999999964,-393.9999999999944,197.99999999999818,-606.000000000023,-878.9999999999853,-2349.000000000001,-664.999999999992,-2176.0,512.0000000000005,190.00000000000128,,-7961.999999999983
2016.08.17,-893.0000000000105,388.9999999999958,-329.00000000000153,408.00000000000836,517.9999999999962,-234.00000000000088,-1129.0000000000023,-392.9999999999989,316.0000000000052,-356.00000000002296,-453.99999999999886,-1994.9999999999911,-572.0000000000027,-2088.000000000001,513.0000000000052,75.9999999999983,,-6223.000000000021
2016.08.17,-992.0000000000151,364.0000000000043,-256.99999999999613,449.0000000000105,414.9999999999876,-221.99999999998886,-1082.0000000000052,-364.9999999999931,284.0000000000065,-459.0000000000032,-371.99999999999454,-1838.9999999999907,-652.000000000001,-1978.9999999999975,388.9999999999958,92.00000000000318,,-6225.999999999978
2016.08.17,-961.9999999999961,408.00000000000125,-271.9999999999945,424.00000000000216,371.99999999999454,-168.99999999999693,-1038.0000000000057,-332.99999999999443,307.99999999999716,-389.00000000001,-425.99999999999307,-1961.999999999997,-605.000000000004,-2039.9999999999973,486.0000000000042,53.00000000000304,,-6144.999999999986
2016.08.17,-1062.0000000000073,391.9999999999959,-302.0000000000023,394.00000000000546,275.000000000003,-123.99999999999079,-1051.0000000000018,-351.0000000000013,231.0000000000034,-513.0000000000052,-523.9999999999911,-2161.9999999999973,-600.9999999999991,-2072.9999999999914,509.00000000000034,0.0,,-6961.99999999998
2016.08.17,-1123.0000000000073,384.00000000000034,-299.00000000000483,378.00000000000057,254.999999999983,-153.00000000000313,-1097.999999999999,-395.99999999999636,216.0000000000051,-532.0000000000107,-547.999999999993,-2188.9999999999964,-602.9999999999944,-2109.9999999999895,493.9999999999998,-58.99999999999794,,-7383.000000000004
2016.08.17,-1041.000000000003,411.00000000000136,-397.0000000000029,271.0000000000101,358.9999999999982,-191.99999999999218,-1143.0000000000052,-485.0000000000021,256.99999999999613,-478.00000000000864,-480.99999999999807,-2074.9999999999823,-599.9999999999943,-2156.999999999987,512.0000000000005,-88.99999999999464,,-7327.999999999965
2016.08.17,-1005.9999999999958,605.000000000004,-399.0000000000049,281.00000000000904,334.9999999999964,-187.99999999998818,-1146.0000000000025,-463.0000000000023,268.0000000000016,-112.99999999999955,-658.9999999999874,-2203.9999999999836,-301.9999999999925,-2187.99999999999,759.0000000000003,-5.999999999994898,,-6425.99999999993
2016.08.17,-1021.0000000000052,603.9999999999992,-351.0000000000013,314.0000000000032,312.00000000000114,-190.00000000000128,-1092.9999999999995,-410.9999999999947,251.99999999999667,-200.00000000001705,-590.999999999986,-2143.9999999999905,-352.99999999999443,-2113.9999999999936,698.9999999999981,-73.99999999999629,,-6360.999999999982
2016.08.17,-941.9999999999984,789.0000000000015,-290.9999999999968,340.00000000000693,414.9999999999876,-180.99999999998673,-1049.9999999999955,-402.9999999999978,322.00000000000006,156.99999999998226,-278.00000000000045,-1883.9999999999968,-182.00000000000216,-2004.9999999999902,745.9999999999951,-122.99999999999534,,-4569.999999999986
2016.08.17,-957.0000000000078,846.0000000000036,-409.0000000000038,240.00000000000688,293.99999999999426,-157.99999999999147,-1122.9999999999961,-459.99999999999375,221.99999999999997,192.99999999998363,-478.999999999985,-2215.999999999996,-60.000000000002274,-2156.0000000000023,865.9999999999997,-165.00000000000404,,-5521.999999999994
2016.08.17,-946.0000000000024,819.0000000000026,-360.0000000000048,339.0000000000004,329.00000000000153,-143.00000000000423,-1071.9999999999952,-383.99999999999545,241.99999999999778,181.99999999998795,-414.9999999999876,-2124.999999999999,-58.9999999999975,-2089.999999999992,876.0000000000048,-27.999999999994696,,-4834.999999999978
2016.08.17,-937.00000000001,730.9999999999945,-348.9999999999993,349.0000000000104,407.99999999998613,-140.99999999999113,-1073.0000000000018,-370.9999999999991,300.0000000000003,115.99999999998545,-393.99999999998323,-1963.0000000000036,-164.99999999999204,-2089.0000000000077,780.0000000000011,-26.999999999999247,,-4825.000000000009
2016.08.17,-924.0000000000136,769.999999999996,-331.999999999999,341.0000000000024,390.9999999999858,-132.99999999998312,-1049.9999999999955,-368.9999999999971,289.0000000000059,128.99999999999068,-289.9999999999903,-1980.9999999999884,-167.0000000000016,-2048.0000000000055,807.0000000000022,-56.99999999999594,,-4623.999999999988
2016.08.17,-941.0000000000141,748.9999999999952,-278.00000000000045,398.00000000000944,343.99999999998875,-151.9999999999966,-1004.0000000000049,-361.0000000000002,246.00000000000176,101.99999999997544,-245.99999999999068,-1888.9999999999852,-111.0000000000042,-1939.9999999999861,745.9999999999951,-43.999999999999595,,-4381.000000000016
2016.08.17,-1658.0000000000039,462.0000000000033,-451.0000000000014,198.00000000000927,161.99999999999548,-171.99999999999437,-1041.000000000003,-400.9999999999958,145.00000000000622,-276.00000000001046,-678.0000000000008,-1967.999999999992,-350.9999999999991,-1997.9999999999886,537.9999999999967,-122.99999999999534,,-7611.999999999974
2016.08.17,-1561.9999999999968,813.999999999993,-146.00000000000168,520.0000000000093,173.00000000000094,-168.99999999999693,-983.0000000000006,-307.0000000000017,148.99999999999915,-252.00000000000955,-605.9999999999955,-2098.999999999984,-280.9999999999917,-1895.0000000000023,612.9999999999995,9.999999999998899,,-6020.999999999979
2016.08.17,-1244.0000000000007,849.9999999999943,-166.99999999999494,521.0000000000048,205.99999999999508,-149.9999999999835,-983.999999999996,-302.0000000000023,173.9999999999964,-88.00000000002228,-484.9999999999799,-2015.9999999999957,-188.0000000000024,-1902.0000000000036,676.9999999999925,4.999999999999449,,-5092.999999999999
2016.08.17,-1252.0000000000086,753.0000000000001,-141.99999999999767,541.0000000000026,212.99999999999653,-126.99999999998823,-961.0000000000008,-273.000000000001,178.99999999999582,-153.00000000002,-487.99999999999955,-1984.9999999999923,-271.0000000000008,-1878.0000000000018,640.0000000000006,46.00000000000159,,-5158.000000000013
2016.08.17,-1212.9999999999975,813.0000000000024,-88.99999999999464,569.0000000000084,292.9999999999877,-130.99999999999224,-936.999999999999,-251.99999999999667,239.0000000000003,-112.99999999999955,-362.99999999998,-1849.9999999999961,-272.99999999999613,-1839.9999999999973,584.9999999999937,63.99999999999739,,-4497.99999999996
2016.08.17,-1221.0000000000055,828.9999999999935,-43.999999999999595,643.0000000000047,317.9999999999961,-153.9999999999875,-932.999999999995,-246.00000000000176,243.99999999999977,-105.00000000001819,-361.9999999999957,-1766.000000000001,-289.99999999999204,-1808.9999999999939,578.9999999999935,82.00000000000429,,-4234.999999999997
2016.08.18,-1215.0000000000105,852.9999999999944,-36.0000000000027,641.0000000000027,309.99999999998806,-150.99999999999002,-922.0000000000006,-200.99999999999562,226.00000000000398,-69.00000000001683,-369.99999999998147,-1709.9999999999893,-230.99999999999454,-1736.000000000004,587.0000000000033,89.00000000000574,,-3934.9999999999873
2016.08.18,-1239.9999999999966,826.9999999999982,-39.00000000000014,670.000000000004,207.00000000000162,-105.99999999998388,-914.9999999999991,-195.9999999999962,214.99999999999852,-112.99999999999955,-386.9999999999818,-1758.9999999999995,-243.99999999999977,-1733.0000000000068,558.9999999999975,126.0000000000039,,-4127.999999999961
2016.08.18,-1236.9999999999993,829.9999999999983,-7.0000000000014495,699.0000000000052,261.9999999999845,-117.99999999999588,-892.9999999999993,-168.00000000000148,226.00000000000398,-94.00000000002251,-331.999999999999,-1703.9999999999943,-254.99999999999545,-1726.0000000000052,560.9999999999928,180.0000000000024,,-3776.000000000027
2016.08.18,-1250.0000000000177,896.0000000000008,-2.999999999997449,737.0000000000099,268.0000000000016,-132.99999999998312,-873.999999999997,-124.99999999999733,226.00000000000398,-39.00000000001569,-319.999999999987,-1720.9999999999948,-191.0000000000025,-1700.999999999997,597.999999999999,217.0000000000005,,-3414.999999999974
2016.08.18,-1243.0000000000164,992.999999999995,21.999999999999797,778.0000000000009,310.9999999999946,-109.00000000000354,-856.0000000000013,-90.0000000000012,260.00000000000466,103.999999999985,-287.9999999999994,-1644.9999999999854,-123.00000000000466,-1688.0000000000007,661.9999999999919,258.0000000000027,,-2654.000000000038
2016.08.18,-1272.0000000000064,1152.000000000001,53.00000000000304,779.0000000000075,339.0000000000004,-104.99999999999955,-858.0000000000032,-119.99999999999788,295.99999999999625,297.9999999999734,-281.99999999998226,-1597.9999999999884,3.0000000000001137,-1702.0000000000034,751.9999999999953,248.99999999999923,,-2016.0000000000043
2016.08.18,-1470.0000000000157,1156.000000000006,28.000000000005798,741.0000000000027,234.00000000000088,-102.00000000000209,-919.9999999999986,-190.99999999999673,236.00000000000287,303.9999999999736,-553.9999999999878,-1889.9999999999916,-3.0000000000001137,-1861.999999999986,742.999999999995,202.9999999999976,,-3346.9999999999945
2016.08.18,-1402.9999999999986,1239.0000000000043,-48.99999999999905,680.0000000000028,270.99999999999903,-85.99999999998609,-951.9999999999973,-225.99999999999287,251.00000000000122,301.9999999999925,-522.0000000000002,-1922.0000000000016,55.999999999997385,-1929.000000000003,879.9999999999955,163.99999999999747,,-3245.999999999989
2016.08.18,-1441.0000000000034,1156.000000000006,-0.999999999995449,699.0000000000052,147.99999999999258,-83.9999999999952,-902.0000000000028,-193.99999999999417,162.0000000000066,194.99999999999318,-561.9999999999958,-1937.9999999999952,7.000000000005002,-1828.0000000000075,765.0000000000006,190.99999999999673,,-3626.9999999999836
2016.08.18,-1683.0000000000123,1316.9999999999932,-0.999999999995449,866.0000000000001,95.00000000000064,-76.99999999999375,-907.9999999999977,-90.0000000000012,148.99999999999915,141.9999999999959,-573.0000000000013,-1858.9999999999884,-4.9999999999954525,-1736.9999999999886,408.00000000000125,297.00000000000284,,-3658.9999999999814
2016.08.18,-1607.000000000003,1231.9999999999993,473.0000000000012,1041.000000000003,248.00000000000378,-79.99999999999119,-544.0,55.000000000005045,229.00000000000142,116.99999999999022,-389.99999999997925,-1010.9999999999841,-61.99999999999761,-1103.9999999999939,364.9999999999949,429.0000000000016,,-608.9999999999484
2016.08.18,-1496.0000000000084,966.9999999999987,380.00000000000256,953.0000000000039,265.0000000000041,-80.99999999999774,-558.000000000003,34.000000000000696,248.99999999999923,-77.0000000000266,-335.9999999999808,-987.9999999999889,-268.0000000000007,-1123.9999999999916,254.99999999999545,395.99999999999636,,-1428.9999999999964
2016.08.18,-1361.0000000000123,983.0000000000041,392.00000000000347,928.0000000000066,288.99999999998374,-87.99999999999919,-548.9999999999995,2.999999999997449,261.0000000000001,-6.000000000000227,-243.99999999999977,-927.9999999999955,-225.9999999999991,-1114.9999999999993,254.0000000000049,360.0000000000048,,-1046.9999999999998
2016.08.18,-1358.0000000000148,1012.0000000000005,400.9999999999958,937.00000000001,337.99999999999386,-72.99999999998974,-541.9999999999981,18.0000000000069,322.00000000000006,102.99999999998022,-194.99999999998963,-847.9999999999822,-194.99999999999318,-1107.999999999998,295.99999999999227,392.9999999999989,,-498.999999999987
2016.08.18,-1367.000000000007,1013.0000000000052,392.00000000000347,982.0000000000051,331.999999999999,-68.00000000000139,-561.0000000000003,53.00000000000304,304.00000000000426,31.999999999982265,-239.99999999999577,-949.9999999999842,-230.00000000000398,-1163.000000000003,298.9999999999924,422.9999999999956,,-749.0000000000052
2016.08.18,-1344.0000000000118,763.0000000000052,356.9999999999962,943.000000000005,298.9999999999826,-65.99999999998829,-577.0000000000052,36.0000000000027,290.9999999999968,-259.00000000001455,-232.99999999999432,-987.9999999999889,-466.99999999999875,-1207.0000000000025,164.99999999999204,383.0,,-1904.0000000000236
2016.08.18,-1351.9999999999977,911.0000000000014,407.99999999999727,963.0000000000027,293.99999999999426,-45.99999999999049,-527.9999999999951,40.00000000000669,299.00000000000483,-82.00000000002206,-204.99999999998852,-919.0000000000032,-338.99999999999864,-1117.9999999999968,198.99999999999807,375.9999999999986,,-1098.9999999999886
2016.08.18,-1417.0000000000016,1078.000000000003,477.0000000000052,1028.0000000000066,265.99999999998846,-92.00000000000318,-507.0000000000019,75.9999999999983,297.9999999999983,79.99999999998408,-263.99999999999756,-829.9999999999974,-201.99999999999818,-1059.9999999999943,268.0000000000007,434.9999999999965,,-366.00000000001285
2016.08.18,-1506.0000000000073,1174.0000000000066,514.0000000000033,1069.0000000000089,309.0000000000037,-109.00000000000354,-534.9999999999966,46.999999999997044,272.00000000000557,86.99999999998909,-218.99999999999142,-868.9999999999865,-164.00000000000148,-1051.9999999999864,265.99999999999113,424.00000000000216,,-291.999999999966
2016.08.18,-1561.0000000000123,1180.9999999999973,507.0000000000019,1057.000000000008,268.9999999999859,-122.99999999998423,-526.9999999999997,63.99999999999739,231.99999999999886,121.99999999998568,-274.9999999999808,-862.9999999999916,-81.99999999999363,-1022.9999999999961,289.99999999999204,416.00000000000523,,-315.99999999998624
2016.08.18,-1495.0000000000018,1084.0000000000032,507.0000000000019,1030.0000000000086,383.99999999998437,-131.99999999999878,-541.0000000000026,-0.999999999995449,322.00000000000006,80.99999999998886,-92.99999999998754,-814.0000000000036,-242.00000000000443,-1073.9999999999973,239.99999999999488,319.0000000000026,,-425.00000000000716
2016.08.18,-1578.999999999997,1075.0000000000027,461.0000000000003,959.0000000000099,343.99999999998875,-255.99999999998957,-692.9999999999992,-163.00000000000205,270.99999999999903,-55.00000000000682,-164.99999999999292,-1027.9999999999845,-259.00000000000034,-1198.9999999999945,277.9999999999916,219.99999999999798,,-1788.9999999999768
2016.08.18,-1673.0000000000134,978.9999999999992,412.00000000000125,929.000000000002,295.0000000000008,-246.99999999999721,-766.0,-185.99999999999727,187.00000000000384,-339.00000000002706,-364.9999999999931,-1332.999999999984,-400.99999999999625,-1319.999999999988,239.00000000000432,190.00000000000128,,-3398.999999999983
2016.08.18,-2519.0000000000045,932.0000000000022,412.00000000000125,946.0000000000024,-347.0000000000084,-290.9999999999968,-795.0000000000013,-200.00000000000017,-310.9999999999946,-1255.0000000000239,-1416.9999999999793,-2408.9999999999945,-551.9999999999925,-1374.999999999993,158.99999999999181,207.99999999999707,,-8813.999999999996
2016.08.18,-2497.000000000016,615.9999999999997,324.00000000000205,893.0000000000105,-489.0000000000061,-293.99999999999426,-800.9999999999961,-190.99999999999673,-380.999999999998,-1585.000000000008,-1448.999999999989,-2577.9999999999914,-754.0000000000049,-1388.999999999996,57.999999999992724,199.00000000000472,,-10317.999999999987
2016.08.18,-2469.00000000001,731.9999999999993,341.0000000000024,890.0000000000019,-477.0000000000163,-276.9999999999939,-793.9999999999947,-214.00000000000307,-392.00000000000347,-1435.0000000000023,-1441.9999999999877,-2532.000000000001,-634.9999999999909,-1366.0000000000005,146.99999999999136,170.00000000000347,,-9753.000000000005
2016.08.18,-2473.9999999999986,727.9999999999944,343.00000000000443,893.0000000000105,-439.0000000000116,-275.000000000003,-829.0000000000019,-229.00000000000142,-356.9999999999962,-1417.0000000000016,-1499.9999999999902,-2529.9999999999877,-655.0000000000011,-1438.000000000006,147.99999999999613,185.99999999999727,,-9844.999999999996
2016.08.18,-2407.0000000000036,765.0000000000006,343.9999999999999,919.0000000000032,-336.00000000000296,-251.99999999998556,-821.000000000005,-210.99999999999451,-295.0000000000008,-1359.0000000000089,-1449.9999999999957,-2461.0000000000023,-682.0000000000022,-1471.0,161.99999999999193,261.99999999999557,,-9293.00000000001
2016.08.18,-2407.0000000000036,712.0000000000033,341.99999999999784,948.9999999999999,-353.0000000000033,-238.99999999998923,-831.000000000004,-190.00000000000128,-268.0000000000016,-1425.0000000000114,-1549.0000000000005,-2455.9999999999914,-757.000000000005,-1495.0000000000018,132.99999999999557,285.00000000000193,,-9549.000000000015
2016.08.18,-2383.000000000002,799.0000000000066,212.00000000000108,921.0000000000051,-258.0000000000027,-251.99999999998556,-978.0000000000011,-236.99999999999832,-224.000000000002,-1251.0000000000048,-1410.0000000000002,-2614.9999999999895,-771.0000000000008,-1749.0000000000005,159.9999999999966,287.9999999999994,,-9747.999999999976
2016.08.18,-2397.0000000000045,715.999999999994,97.00000000000264,809.9999999999997,-363.0000000000022,-254.999999999983,-1041.9999999999984,-293.99999999999426,-295.0000000000008,-1430.0000000000068,-1527.9999999999961,-2985.9999999999995,-721.9999999999942,-1954.9999999999957,326.9999999999982,161.99999999999548,,-11154.999999999985
2016.08.18,-2459.0000000000114,629.9999999999955,65.99999999999939,816.0000000000056,-385.99999999999744,-244.9999999999841,-1024.9999999999982,-251.99999999999667,-309.0000000000037,-1481.9999999999993,-1505.9999999999852,-2942.0,-724.9999999999943,-1895.0000000000023,284.9999999999966,178.99999999999582,,-11249.99999999998
2016.08.18,-2298.0,641.9999999999959,80.99999999999774,830.0000000000085,-368.9999999999971,-236.99999999999832,-1024.9999999999982,-251.99999999999667,-271.9999999999945,-1429.000000000002,-1385.9999999999984,-2905.000000000002,-730.000000000004,-1851.0000000000027,316.99999999999307,173.9999999999964,,-10710.000000000004
2016.08.18,-2248.0000000000055,698.9999999999981,124.00000000000189,878.000000000001,-304.00000000001535,-252.99999999999213,-985.999999999998,-185.00000000000182,-249.99999999999466,-1292.0000000000016,-1147.9999999999934,-2703.9999999999955,-640.9999999999911,-1768.9999999999984,319.0000000000026,175.00000000000293,,-9584.999999999982
2016.08.18,-2323.000000000008,819.9999999999932,111.00000000000554,904.0000000000048,-234.00000000000088,-262.999999999991,-990.9999999999974,-190.00000000000128,-217.99999999999596,-1123.0000000000189,-1025.9999999999936,-2630.999999999983,-570.999999999998,-1795.9999999999975,359.99999999999943,58.99999999999794,,-9111.999999999985
2016.08.18,-2463.9999999999995,808.9999999999975,102.99999999999754,877.0000000000056,-317.9999999999961,-289.9999999999903,-1099.0000000000055,-300.0000000000003,-268.0000000000016,-1215.0000000000034,-917.9999999999966,-2837.0000000000005,-640.9999999999911,-1939.9999999999861,358.99999999999466,-68.00000000000139,,-10209.999999999976
2016.08.18,-2483.000000000013,924.9999999999972,175.99999999999838,907.0000000000023,-348.00000000001495,-221.99999999998886,-1027.0000000000002,-268.0000000000016,-268.99999999999704,-1227.0000000000039,-979.9999999999809,-2913.9999999999945,-594.9999999999989,-1878.9999999999861,382.000000000005,-68.99999999999685,,-9890.999999999973
2016.08.18,-2394.0000000000073,975.9999999999991,294.00000000000534,1031.000000000004,-241.00000000000233,-211.99999999998997,-941.9999999999984,-146.00000000000168,-170.99999999999892,-1056.0000000000116,-825.9999999999934,-2529.9999999999877,-554.9999999999926,-1734.9999999999977,367.00000000000443,48.000000000003595,,-8091.9999999999645
2016.08.18,-2305.0000000000014,1034.9999999999966,273.000000000001,1039.0000000000011,-121.99999999999989,-229.99999999999687,-992.9999999999994,-195.9999999999962,-102.99999999999754,-912.0000000000061,-735.9999999999811,-2425.999999999995,-539.999999999992,-1790.999999999987,414.99999999999204,92.00000000000318,,-7499.999999999958
2016.08.18,-2298.0,1025.0000000000057,170.00000000000347,959.0000000000099,-116.00000000000499,-243.99999999999977,-1036.999999999999,-224.000000000002,-141.00000000000225,-929.000000000002,-787.9999999999887,-2617.999999999987,-496.9999999999999,-1861.999999999986,463.99999999999864,39.00000000000014,,-8096.9999999999545
2016.08.18,-2260.0000000000177,1079.9999999999982,217.0000000000005,980.0000000000031,-78.00000000000028,-244.9999999999841,-1009.0000000000043,-219.00000000000253,-97.00000000000264,-776.0000000000105,-758.9999999999985,-2507.999999999999,-417.99999999999216,-1834.0000000000023,530.0000000000011,60.99999999999994,,-7335.000000000012
2016.08.18,-2249.9999999999964,1174.0000000000066,244.99999999999523,1019.0000000000032,-29.00000000001235,-224.000000000002,-1015.9999999999947,-220.99999999999343,-68.00000000000139,-656.0000000000059,-718.9999999999808,-2451.000000000003,-373.9999999999952,-1856.9999999999975,561.9999999999976,72.0000000000054,,-6792.999999999975
2016.08.18,-2351.000000000014,1156.9999999999964,285.9999999999974,1031.9999999999995,56.99999999999594,-330.9999999999924,-1132.9999999999952,-339.99999999999585,-9.00000000000345,-805.0000000000068,-733.9999999999902,-2434.9999999999873,-552.9999999999973,-1933.9999999999914,462.99999999999386,50.0000000000056,,-7579.999999999986
2016.08.18,-2351.000000000014,1146.000000000001,326.0000000000041,1090.000000000002,151.9999999999966,-398.9999999999938,-1137.9999999999945,-342.9999999999933,-12.000000000000899,-815.0000000000261,-785.9999999999978,-2444.000000000002,-546.999999999997,-1902.999999999988,460.9999999999985,111.00000000000554,,-7452.0
2016.08.18,-2438.000000000007,1111.9999999999948,363.99999999999767,1097.0000000000036,177.99999999998929,-398.9999999999938,-1139.0000000000011,-363.0000000000022,-53.999999999998494,-952.0000000000266,-820.9999999999828,-2471.000000000001,-605.000000000004,-1868.000000000003,402.000000000001,90.0000000000012,,-7867.000000000033
2016.08.18,-2498.0,1109.9999999999995,331.999999999999,1067.0000000000068,146.99999999998602,-375.9999999999986,-1161.9999999999964,-397.0000000000029,-59.99999999999339,-966.0000000000082,-890.9999999999974,-2559.9999999999845,-673.0000000000018,-2014.0000000000048,423.0000000000018,55.000000000005045,,-8462.999999999989
2016.08.18,-2517.999999999998,1102.0000000000039,312.00000000000114,1024.0000000000027,82.99999999998863,-368.9999999999971,-1173.0000000000018,-417.99999999999613,-95.00000000000064,-1008.0000000000098,-996.9999999999812,-2658.999999999989,-682.9999999999927,-2015.9999999999957,435.0000000000023,22.999999999995246,,-8956.99999999997
2016.08.18,-2524.9999999999995,1149.000000000001,312.9999999999966,1016.0000000000058,83.9999999999952,-358.9999999999982,-1166.0000000000005,-427.99999999999505,-105.99999999999498,-973.0000000000132,-1027.0000000000002,-2688.0000000000014,-575.0000000000028,-1963.0000000000036,487.99999999999955,51.000000000001044,,-8709.00000000001
2016.08.19,-2476.0000000000114,1108.000000000004,285.9999999999974,1018.0000000000077,92.00000000000318,-427.99999999998397,-1365.000000000005,-419.9999999999982,-346.0000000000019,-993.0000000000234,-1013.9999999999816,-2647.9999999999836,-603.9999999999992,-1950.9999999999916,474.00000000000375,63.99999999999739,,-9202.999999999965
2016.08.19,-2463.9999999999995,1176.9999999999925,292.9999999999988,1028.0000000000066,87.99999999999919,-380.00000000000256,-1173.0000000000018,-383.99999999999545,-109.00000000000354,-906.0000000000059,-925.9999999999824,-2651.9999999999877,-521.9999999999914,-1944.9999999999968,524.0000000000009,46.00000000000159,,-8304.999999999965
2016.08.19,-2648.000000000006,1069.0000000000027,275.000000000003,1003.0000000000094,1.999999999990898,-392.9999999999989,-1210.0,-449.9999999999948,-165.9999999999995,-1112.9999999999995,-1145.9999999999804,-2818.9999999999936,-643.9999999999912,-2024.999999999988,450.9999999999934,19.999999999997797,,-9793.999999999955
2016.08.19,-2479.000000000009,1012.0000000000005,270.99999999999903,987.0000000000045,109.99999999998789,-425.99999999999307,-1204.000000000005,-446.9999999999974,-114.99999999999844,-1073.0000000000075,-972.9999999999794,-2691.999999999983,-667.9999999999922,-1977.0000000000066,435.99999999999284,12.000000000000899,,-9225.999999999987
2016.08.19,-2432.000000000012,995.9999999999951,200.99999999999562,942.0000000000095,82.99999999998863,-411.99999999999017,-1237.9999999999948,-453.99999999999886,-112.000000000001,-1090.0000000000034,-966.9999999999845,-2817.9999999999873,-668.9999999999969,-2056.9999999999977,448.99999999999807,-2.000000000002,,-9579.999999999982
2016.08.19,-2432.000000000012,947.0000000000027,209.00000000000364,948.9999999999999,110.99999999999443,-395.99999999999636,-1222.9999999999964,-443.99999999999994,-112.000000000001,-1144.0000000000055,-937.9999999999944,-2783.0000000000023,-704.9999999999983,-2041.9999999999882,432.9999999999927,-10.999999999994348,,-9580.999999999995
2016.08.19,-2424.000000000004,790.0000000000063,119.00000000000244,882.000000000005,115.99999999998278,-407.0000000000018,-1307.999999999998,-507.9999999999973,-100.99999999999554,-1265.0000000000148,-961.9999999999961,-2940.9999999999936,-852.9999999999944,-2207.000000000003,379.99999999999545,-48.000000000003595,,-10737.000000000011
2016.08.19,-2313.0000000000095,682.0000000000022,63.00000000000195,838.0000000000055,180.0000000000024,-411.99999999999017,-1331.9999999999998,-520.9999999999936,-73.99999999999629,-1348.0000000000132,-908.999999999982,-2932.0000000000014,-944.9999999999932,-2246.999999999999,370.00000000000455,-82.00000000000429,,-10981.999999999967
2016.08.19,-2312.0000000000027,781.9999999999965,92.00000000000318,886.000000000009,175.99999999999838,-427.99999999998397,-1315.999999999995,-480.0000000000027,-61.999999999995396,-1264.00000000001,-883.9999999999959,-2926.999999999991,-865.9999999999997,-2221.9999999999905,388.00000000000523,-39.00000000000014,,-10475.999999999955
2016.08.19,-2224.0000000000036,721.0000000000036,-138.00000000000477,699.0000000000052,224.000000000002,-432.9999999999945,-1493.9999999999952,-644.9999999999956,-21.999999999999797,-1175.0000000000114,-942.9999999999827,-3242.999999999996,-847.999999999999,-2583.9999999999864,408.9999999999918,-163.00000000000205,,-11858.999999999965
2016.08.19,-2190.000000000003,822.0000000000027,-180.0000000000024,704.0000000000047,254.999999999983,-414.9999999999876,-1551.0000000000023,-664.9999999999934,-10.999999999994348,-1088.0000000000223,-933.9999999999905,-3351.9999999999995,-786.0000000000014,-2702.9999999999886,656.9999999999965,-178.99999999999582,,-11615.999999999996
2016.08.19,-2215.999999999996,873.9999999999952,-285.9999999999974,581.0000000000093,165.9999999999995,-414.00000000000324,-1627.0000000000007,-734.9999999999968,-58.000000000002494,-1024.000000000001,-1039.9999999999966,-3532.9999999999864,-706.9999999999936,-2837.0000000000005,777.000000000001,-253.99999999999866,,-12332.999999999964
2016.08.19,-2192.0000000000164,786.0000000000014,-273.000000000001,594.0000000000057,151.9999999999966,-418.9999999999916,-1600.0000000000014,-708.999999999993,-85.99999999999719,-1118.0000000000234,-1024.999999999987,-3581.9999999999964,-743.9999999999998,-2774.999999999994,753.0000000000001,-253.99999999999866,,-12491.999999999996
2016.08.19,-2195.999999999998,736.0000000000042,-236.99999999999832,652.0000000000082,156.00000000000057,-390.9999999999858,-1553.9999999999998,-644.9999999999956,-58.99999999999794,-1195.0000000000216,-1019.9999999999986,-3529.9999999999886,-823.9999999999981,-2749.999999999986,691.9999999999931,-178.00000000000037,,-12342.999999999962
2016.08.19,-2237.0,659.000000000006,-234.99999999999633,674.000000000008,112.000000000001,-361.9999999999957,-1549.999999999996,-607.9999999999974,-80.00000000000229,-1338.0000000000223,-1061.9999999999852,-3547.9999999999955,-915.9999999999968,-2739.999999999987,646.0000000000008,-156.99999999999602,,-12741.999999999955
2016.08.19,-2243.0000000000173,759.0000000000003,-166.99999999999494,790.0000000000018,124.99999999999733,-364.9999999999931,-1502.0000000000034,-509.00000000000387,-70.0000000000034,-1237.9999999999995,-1006.9999999999801,-3420.999999999985,-843.9999999999941,-2648.000000000006,637.0000000000005,-44.99999999999504,,-11747.999999999975
2016.08.19,-2242.0000000000105,760.9999999999957,-170.00000000000347,818.0000000000076,143.00000000000423,-361.9999999999957,-1507.9999999999982,-497.99999999999847,-58.000000000002494,-1223.0000000000132,-966.9999999999845,-3371.9999999999973,-834.0000000000032,-2661.999999999987,635.0000000000051,-29.000000000001247,,-11567.999999999984
2016.08.19,-2231.000000000005,831.0000000000031,-170.99999999999892,804.0000000000047,137.9999999999937,-368.9999999999971,-1517.999999999997,-502.00000000000244,-73.99999999999629,-1090.0000000000034,-996.9999999999812,-3371.9999999999973,-762.0000000000005,-2672.9999999999923,724.9999999999943,-29.000000000001247,,-11289.999999999976
2016.08.19,-2293.000000000012,852.9999999999944,-188.9999999999947,808.0000000000088,79.99999999999119,-404.0000000000044,-1495.9999999999973,-493.99999999999443,-78.99999999999574,-1099.000000000018,-998.9999999999943,-3418.999999999994,-694.9999999999932,-2634.000000000003,710.9999999999985,-31.999999999998696,,-11381.000000000007
2016.08.19,-2424.000000000004,923.0000000000018,-165.9999999999995,901.0000000000074,26.999999999999247,-375.9999999999986,-1515.9999999999952,-422.00000000000017,-131.00000000000333,-1057.0000000000164,-1089.999999999991,-3515.0000000000014,-649.9999999999915,-2672.0000000000077,743.9999999999998,53.00000000000304,,-11370.999999999996
2016.08.19,-2324.999999999999,929.000000000002,-351.0000000000013,762.0000000000072,149.9999999999835,-368.9999999999971,-1612.9999999999977,-515.9999999999942,-53.999999999998494,-978.0000000000086,-1129.9999999999866,-3529.9999999999886,-658.9999999999918,-2875.0000000000055,807.0000000000022,80.99999999999774,,-11670.999999999976
2016.08.19,-2123.000000000008,873.0000000000047,-478.9999999999961,706.0000000000066,31.999999999987594,-371.99999999999454,-1690.999999999998,-510.99999999999477,-100.00000000000009,-931.0000000000116,-1299.99999999999,-3811.999999999993,-612.9999999999995,-3051.999999999988,939.9999999999977,104.99999999999955,,-12327.999999999976
2016.08.19,-2098.0,882.000000000005,-517.0000000000008,702.0000000000026,70.99999999999883,-409.99999999999926,-1732.9999999999957,-519.9999999999983,-124.99999999999733,-900.0000000000057,-1251.9999999999864,-3879.9999999999945,-521.9999999999914,-3126.0000000000064,1064.9999999999977,107.99999999999699,,-12254.999999999973
2016.08.19,-2078.0000000000023,881.0000000000002,-549.9999999999949,669.0000000000085,105.99999999998388,-441.0000000000025,-1732.9999999999957,-507.0000000000019,-129.9999999999968,-816.0000000000025,-1286.9999999999936,-3942.9999999999854,-406.9999999999965,-3018.999999999994,1125.0,100.00000000000009,,-12029.999999999973
2016.08.19,-2089.0000000000077,938.999999999993,-488.999999999995,738.0000000000053,121.99999999999989,-444.9999999999843,-1736.9999999999995,-480.99999999999807,-104.00000000000409,-827.0000000000266,-1205.999999999996,-3867.9999999999827,-424.99999999999716,-3010.999999999986,1060.0000000000023,117.00000000000044,,-11705.999999999976
2016.08.19,-2217.0000000000023,908.0000000000013,-371.99999999999454,768.000000000002,-43.00000000001525,-409.99999999999926,-1619.9999999999993,-437.999999999994,-205.99999999999508,-998.0000000000189,-1286.9999999999936,-3844.9999999999873,-462.99999999999386,-2834.000000000003,974.9999999999943,90.99999999999665,,-11991.000000000004
2016.08.19,-2256.0000000000136,881.0000000000002,-375.9999999999986,761.0000000000006,-43.999999999999595,-392.9999999999989,-1590.0000000000025,-442.9999999999934,-207.99999999999707,-1072.0000000000027,-1330.9999999999934,-3854.9999999999864,-519.999999999996,-2811.9999999999923,938.999999999993,87.99999999999919,,-12230.999999999982
2016.08.19,-2185.999999999999,876.0000000000048,-390.0000000000015,802.0000000000027,34.99999999998504,-356.00000000000074,-1595.000000000002,-400.9999999999958,-132.99999999999423,-991.0000000000139,-1162.9999999999807,-3756.999999999988,-588.9999999999986,-2934.9999999999986,965.0000000000034,124.00000000000189,,-11693.999999999975
2016.08.19,-2046.0000000000146,888.0000000000052,-385.99999999999744,753.0000000000036,32.999999999994145,-299.00000000000483,-1598.9999999999948,-400.9999999999958,-2.000000000002,-834.0000000000032,-1037.9999999999834,-3614.9999999999905,-587.0000000000033,-2936.9999999999895,972.999999999999,31.999999999998696,,-11064.99999999998
2016.08.19,-2066.0000000000123,887.0000000000005,-405.9999999999952,675.0000000000034,17.000000000000348,-214.99999999998744,-1551.9999999999977,-451.9999999999969,-34.99999999999615,-861.0000000000184,-1143.9999999999895,-3662.999999999994,-563.0000000000024,-2936.9999999999895,987.9999999999995,-34.000000000000696,,-11360.999999999975
2016.08.19,-1880.9999999999993,819.9999999999932,-456.9999999999963,683.0000000000002,109.99999999998789,-211.99999999998997,-1590.999999999998,-446.00000000000193,48.000000000003595,-698.0000000000075,-953.9999999999882,-3485.999999999989,-677.9999999999973,-3061.0000000000027,966.9999999999987,39.999999999995595,,-10795.99999999999
2016.08.19,-1686.0000000000098,733.9999999999947,-500.00000000000045,660.000000000005,330.9999999999924,-217.99999999998488,-1588.999999999996,-429.0000000000016,182.00000000000438,-593.0000000000177,-1200.0000000000011,-3205.9999999999977,-637.999999999991,-3014.99999999999,920.9999999999923,70.0000000000034,,-10175.999999999996
2016.08.19,-1713.0000000000089,763.0000000000052,-448.9999999999994,677.0000000000053,346.9999999999862,-287.9999999999994,-1573.0000000000023,-448.9999999999994,197.00000000000273,-602.0000000000039,-1152.9999999999818,-3244.999999999987,-644.999999999996,-2960.0000000000073,912.9999999999967,175.99999999999838,,-10003.99999999999
2016.08.19,-1251.000000000002,835.9999999999985,-519.9999999999983,699.0000000000052,761.999999999996,-316.99999999998954,-1700.0000000000016,-456.00000000000085,465.0000000000043,-89.00000000002706,-751.9999999999972,-2735.9999999999827,-554.000000000002,-3112.0000000000036,992.0000000000044,224.9999999999974,,-7507.999999999998
2016.08.19,-1493.000000000011,822.9999999999933,-451.9999999999969,705.0000000000001,519.0000000000028,-244.9999999999841,-1566.0000000000007,-403.99999999999324,341.99999999999784,-317.0000000000073,-967.9999999999911,-2950.9999999999927,-605.000000000004,-2990.999999999988,981.9999999999993,383.0,,-8237.999999999975
2016.08.19,-1536.000000000004,822.9999999999933,-419.9999999999982,736.0000000000033,411.99999999999017,-178.99999999999582,-1520.9999999999945,-342.9999999999933,319.99999999999807,-356.00000000002296,-1025.9999999999936,-2927.9999999999973,-596.9999999999942,-2932.0000000000014,938.999999999993,422.00000000000017,,-8186.000000000018
2016.08.19,-1507.9999999999982,843.9999999999941,-380.999999999998,787.0000000000043,346.9999999999862,-75.99999999998718,-1405.9999999999961,-256.99999999999613,314.99999999999864,-306.0000000000116,-981.999999999994,-2834.000000000003,-587.9999999999939,-2844.9999999999864,915.9999999999968,465.9999999999998,,-7507.999999999985
2016.08.19,-1527.9999999999961,843.9999999999941,-358.9999999999982,792.0000000000039,339.99999999998477,-65.99999999998829,-1419.999999999999,-258.0000000000027,314.99999999999864,-328.00000000000296,-1050.9999999999798,-2899.9999999999914,-626.9999999999953,-2882.000000000007,926.0000000000019,480.0000000000027,,-7721.999999999975
2016.08.19,-1402.0000000000143,813.0000000000024,-387.000000000004,732.0000000000105,461.99999999998465,-61.99999999998429,-1409.0000000000048,-251.00000000000122,392.9999999999989,-278.00000000002,-915.9999999999835,-2733.999999999992,-634.0000000000003,-2871.0000000000014,914.999999999992,438.00000000000506,,-7191.000000000012
2016.08.19,-1422.000000000012,828.000000000003,-397.99999999999835,730.0000000000084,319.999999999987,-8.999999999992347,-1356.0000000000016,-227.99999999999488,346.0000000000019,-207.00000000002206,-1006.9999999999801,-2820.9999999999845,-563.0000000000024,-2846.9999999999995,941.0000000000025,451.9999999999969,,-7240.999999999987
2016.08.19,-1514.9999999999998,855.9999999999945,-439.0000000000005,709.0000000000041,173.99999999998528,-2.999999999997449,-1385.9999999999984,-236.99999999999832,268.0000000000016,-343.00000000001774,-1175.9999999999993,-3017.000000000003,-506.0000000000002,-2890.999999999999,1012.0000000000005,451.9999999999969,,-8042.000000000032
2016.08.19,-1536.000000000004,882.9999999999956,-409.0000000000038,748.0000000000042,174.99999999999181,-8.999999999992347,-1363.9999999999986,-207.00000000000162,261.99999999999557,-356.00000000002296,-1169.9999999999823,-3018.999999999994,-512.999999999991,-2861.0000000000023,990.9999999999997,451.9999999999969,,-7933.000000000008
2016.08.19,-1615.000000000011,885.9999999999957,-361.0000000000002,794.0000000000058,163.9999999999864,-2.999999999997449,-1349.9999999999957,-183.99999999999528,236.00000000000287,-418.00000000000637,-1105.9999999999848,-2995.9999999999986,-540.9999999999968,-2831.99999999999,948.9999999999981,426.9999999999996,,-7949.999999999987
2016.08.19,-1612.9999999999977,867.999999999995,-361.9999999999957,778.0000000000009,190.00000000000128,-45.99999999999049,-1378.9999999999968,-241.99999999999778,250.00000000000577,-433.00000000002115,-1025.9999999999936,-2998.999999999996,-584.0000000000032,-2848.000000000006,948.9999999999981,351.99999999999676,,-8145.0
2016.08.19,-1628.0000000000073,862.9999999999995,-341.0000000000024,823.000000000007,251.00000000000122,-48.000000000003595,-1376.999999999995,-203.99999999999307,268.99999999999704,-417.0000000000016,-943.9999999999893,-2942.9999999999845,-573.9999999999981,-2824.000000000004,929.9999999999926,407.99999999999727,,-7755.9999999999845
2016.08.19,-1649.999999999996,920.0000000000017,-310.9999999999946,886.000000000009,226.99999999999943,-59.99999999999339,-1385.9999999999984,-166.99999999999494,270.99999999999903,-409.00000000002024,-956.0000000000013,-2949.000000000002,-566.9999999999931,-2838.0000000000073,933.9999999999975,450.00000000000597,,-7604.999999999987
2016.08.19,-1669.0000000000093,915.0000000000063,-304.00000000000426,882.000000000005,197.00000000000273,-62.99999999999084,-1363.0000000000032,-165.9999999999995,221.00000000000452,-410.000000000025,-989.9999999999798,-2973.0000000000036,-524.9999999999915,-2776.000000000001,942.9999999999978,475.99999999999864,,-7604.999999999993
2016.08.19,-1646.000000000014,882.000000000005,-319.99999999999807,862.0000000000072,165.9999999999995,-32.999999999994145,-1339.0000000000014,-268.99999999999704,241.00000000000233,-401.00000000001046,-1044.0000000000005,-2940.9999999999936,-569.0000000000026,-2778.999999999998,905.0000000000011,380.00000000000256,,-7904.999999999992
