date,USDCHF,GBPUSD,EURUSD,USDJPY,USDCAD,AUDUSD,NZDUSD,GBPCHF,EURCHF,CHFJPY,CADCHF,AUDCHF,NZDCHF,EURGBP,GBPJPY,GBPCAD,GBPAUD,EURJPY,EURCAD,EURAUD,EURNZD,CADJPY,AUDJPY,NZDJPY,AUDCAD,NZDCAD,AUDNZD,empty,sum
2020.05.25,-0.999999999995449,-59.99999999999339,-15.00000000000945,-48.99999999999238,0.0,0.0,-84.0000000000063,-1.0000000000065512,-178.99999999999582,-140.00000000000057,-52.99999999999194,-24.999999999997247,-41.000000000002146,-121.00000000000443,-177.00000000002092,-177.00000000000495,-219.00000000001364,-137.99999999999102,-150.99999999999002,-130.0000000000079,-127.00000000001043,-43.99999999999693,-12.000000000000455,-82.00000000000784,0.0,-65.00000000000395,-15.00000000000945,,-2106.0000000000537
2020.05.25,33.000000000005244,-72.0000000000054,0.9999999999843467,-61.99999999999761,12.000000000012001,-1.0000000000065512,-70.0000000000034,-28.000000000005798,-68.00000000000139,-125.0,-27.999999999994696,-4.999999999999449,21.00000000000435,-168.00000000000148,-183.00000000002115,-172.0000000000166,-226.99999999999943,-161.00000000000136,-149.9999999999835,-126.0000000000039,-143.00000000000423,-61.99999999999761,-25.99999999999625,-21.000000000000796,2.000000000002,-14.000000000002899,38.0000000000047,,-1805.0000000000307
2020.05.25,50.0000000000056,-32.999999999994145,1.999999999990898,-149.0000000000009,29.999999999996696,-11.00000000000545,-65.99999999999939,-1.0000000000065512,-114.99999999999844,-197.9999999999933,-64.99999999999284,-31.999999999998696,21.00000000000435,-165.00000000000404,-189.00000000002137,-102.00000000000209,-170.00000000000347,-260.9999999999957,-200.99999999998454,-170.00000000000347,-185.99999999999727,-53.999999999987836,4.0000000000048885,-10.000000000005116,-6.0000000000060005,-14.000000000002899,31.000000000003247,,-2059.9999999999973
2020.05.25,72.0000000000054,-154.99999999999403,37.99999999998249,-146.99999999999136,-76.99999999999375,17.000000000000348,-129.9999999999968,71.99999999998319,-136.00000000000279,-225.9999999999991,-110.99999999999443,41.000000000002146,58.000000000002494,-167.00000000000603,-340.0000000000034,-152.0000000000188,-144.99999999999514,-320.99999999999795,-195.9999999999962,-160.00000000000458,-185.00000000001293,40.00000000000625,76.00000000000762,43.99999999999693,34.99999999999615,19.999999999997797,97.9999999999981,,-2037.0000000000277
2020.05.25,48.000000000003595,-160.00000000000458,70.99999999999883,-168.99999999999693,-63.99999999999739,69.9999999999923,-102.99999999999754,139.00000000000023,-134.99999999999625,-277.000000000001,-90.99999999999665,82.00000000000429,67.00000000000594,-124.99999999999733,-376.0000000000048,-163.00000000000205,-154.0000000000097,-378.0000000000001,-168.99999999999693,-58.000000000002494,-185.99999999999727,100.99999999999909,151.00000000001046,90.99999999999397,58.000000000002494,0.999999999995449,114.99999999999844,,-1613.9999999999955
2020.05.25,36.0000000000027,-153.9999999999875,99.99999999998899,-221.9999999999942,-75.00000000000284,100.00000000000009,-167.00000000000603,131.99999999999878,-146.00000000000168,-335.9999999999985,-84.99999999999064,108.00000000000809,77.00000000000485,-146.00000000000168,-413.0000000000109,-152.0000000000188,-78.00000000000028,-435.0000000000023,-188.9999999999947,-36.0000000000138,-194.0000000000053,135.00000000000512,207.00000000000784,125.0,107.00000000000153,24.999999999997247,127.99999999999478,,-1548.0000000000196
2020.05.25,40.00000000000669,-167.9999999999904,72.99999999998974,-221.00000000000364,-78.00000000000028,117.00000000000044,-170.00000000000347,121.99999999999989,-147.00000000000824,-320.99999999999795,-109.99999999999899,124.99999999999733,116.00000000000499,-150.00000000000568,-435.0000000000023,-143.00000000000423,9.999999999998899,-423.0000000000018,-190.99999999998562,34.000000000000696,-46.999999999997044,125.0,216.00000000000819,155.9999999999917,124.99999999999733,63.99999999999739,126.0000000000039,,-1155.0000000000027
2020.05.25,39.00000000000014,-198.99999999999363,56.99999999999594,-197.00000000000273,-110.99999999999443,68.99999999999685,-187.9999999999993,166.99999999998383,-131.00000000001444,-314.9999999999977,-103.99999999999298,92.00000000000318,80.00000000000229,-95.00000000000064,-438.0000000000166,-195.00000000001182,-180.0000000000024,-400.99999999999625,-149.9999999999835,-38.0000000000047,-114.0000000000141,69.00000000000261,131.00000000000023,88.99999999999864,82.00000000000429,39.00000000000014,127.99999999999478,,-1814.000000000042
2020.05.25,53.00000000000304,-157.99999999999147,15.999999999993797,-123.99999999999523,-34.000000000000696,-30.000000000007798,-85.99999999999719,137.9999999999937,-96.00000000000719,-236.99999999999477,-65.99999999999939,-0.999999999995449,26.999999999999247,-100.99999999999554,-326.0000000000218,-283.000000000011,-395.99999999999636,-277.000000000001,-234.00000000000088,-246.99999999999721,-272.00000000000557,6.000000000000227,30.000000000001137,16.999999999995907,10.999999999994348,14.999999999998348,70.99999999999883,,-2584.00000000004
2020.05.25,87.00000000000374,-116.00000000000499,-31.000000000003247,-111.0000000000042,12.000000000012001,-79.00000000000685,-92.00000000000318,158.99999999999804,-99.00000000000463,-168.99999999999693,-84.99999999999064,-27.999999999994696,-5.999999999994898,-90.0000000000012,-252.00000000000955,-258.0000000000027,-453.99999999999886,-218.9999999999941,-217.99999999998488,-304.00000000001535,-361.0000000000113,-33.999999999991815,-49.99999999999716,-66.0000000000025,-26.999999999999247,-33.000000000005244,76.99999999999375,,-2847.000000000011
2020.05.25,102.00000000000209,-97.9999999999981,-25.00000000000835,-114.99999999999488,8.000000000008,9.999999999998899,-100.99999999999554,139.9999999999846,-83.00000000001084,-156.99999999999648,-87.99999999999919,58.99999999999794,95.00000000000064,-95.99999999999609,-225.00000000002274,-156.00000000000057,-191.00000000000784,-193.9999999999884,-129.99999999998568,-70.0000000000145,-21.00000000000435,32.00000000001069,58.000000000006935,54.99999999999261,38.0000000000047,48.99999999999905,58.000000000002494,,-1046.0000000000146
2020.05.25,90.0000000000012,-79.00000000000685,-82.00000000000429,-141.9999999999959,32.999999999994145,-8.000000000008,-84.0000000000063,136.99999999998712,-80.00000000001339,-180.99999999999739,-86.99999999999264,47.00000000000814,70.0000000000034,-85.99999999999719,-243.99999999999977,-156.00000000000057,-242.00000000000887,-188.99999999999295,-125.99999999998168,-46.999999999997044,-53.00000000001415,44.00000000001114,55.00000000000682,45.99999999999227,19.999999999997797,-9.00000000000345,45.000000000006146,,-1308.0000000000123
2020.05.25,107.00000000000153,-103.00000000000864,-78.00000000000028,-158.99999999999181,2.0000000000131024,-2.000000000002,-58.99999999999794,153.9999999999875,-55.000000000005045,-192.99999999999784,-94.99999999998954,40.00000000000669,68.99999999999685,-51.000000000001044,-284.00000000002024,-155.00000000001623,-303.9999999999932,-195.99999999999795,-37.99999999998249,-76.0000000000094,-65.00000000000395,69.00000000000261,69.00000000000261,45.99999999999227,-12.999999999996348,-11.00000000000545,73.99999999999629,,-1307.0000000000196
2020.05.25,114.00000000000298,-83.9999999999952,-73.00000000001194,-179.9999999999926,9.000000000014552,0.0,-65.99999999999939,170.99999999998784,-52.000000000007596,-200.9999999999934,-105.99999999999498,48.99999999999905,78.00000000000028,-39.00000000000014,-299.0000000000066,-133.00000000000534,-272.00000000000557,-192.99999999999784,-20.999999999982144,-28.000000000005798,-25.00000000000835,85.00000000000796,85.00000000000796,69.99999999999318,4.000000000004,0.999999999995449,73.99999999999629,,-1031.999999999997
2020.05.25,121.00000000000443,-92.99999999998754,-67.00000000001705,-173.00000000000182,-24.999999999986144,29.999999999996696,-102.99999999999754,188.9999999999947,-60.99999999999994,-198.99999999999807,-124.99999999999733,84.0000000000063,106.00000000000608,-36.999999999998145,-305.0000000000068,-119.00000000000244,-188.9999999999947,-193.9999999999884,14.000000000002899,43.999999999999595,51.99999999998539,112.00000000000898,132.000000000005,106.99999999999932,27.999999999994696,22.999999999995246,66.99999999999484,,-580.9999999999817
2020.05.25,132.0000000000099,-102.00000000000209,-64.0000000000196,-167.99999999999216,-36.999999999998145,47.9999999999925,-111.00000000000554,215.99999999999397,-66.99999999999484,-180.99999999999739,-137.9999999999937,101.00000000000664,146.00000000000168,-26.000000000003798,-303.0000000000257,-116.00000000000499,-168.99999999999693,-193.9999999999884,24.000000000001798,75.00000000000284,147.99999999999258,81.00000000000307,109.00000000000887,111.99999999999477,43.999999999999595,58.000000000002494,52.99999999999194,,-329.00000000002063
2020.05.25,121.99999999999989,-117.99999999999588,-48.000000000003595,-131.00000000000023,-31.000000000003247,30.999999999992145,-111.00000000000554,224.99999999998633,-83.00000000001084,-152.00000000000102,-127.99999999999478,82.99999999999974,139.00000000000023,-36.999999999998145,-277.00000000001523,-134.00000000001188,-243.99999999999977,-182.00000000000216,-3.999999999981796,-4.000000000004,104.99999999999955,84.00000000000318,97.99999999999898,113.99999999999011,15.999999999993797,60.99999999999994,38.0000000000047,,-568.0000000000599
2020.05.25,136.00000000000279,-96.00000000000719,-87.00000000001484,-158.99999999999181,-18.999999999991246,-39.00000000000014,-90.99999999999665,202.9999999999976,-120.00000000000898,-138.9999999999958,-152.99999999999204,53.00000000000304,101.00000000000664,-67.00000000000594,-251.00000000000477,-118.00000000001809,-327.99999999999494,-171.99999999999704,-15.999999999993797,-119.00000000000244,-45.000000000006146,62.00000000001182,22.00000000000557,32.99999999998704,-51.000000000001044,-24.000000000001798,43.999999999999595,,-1440.000000000011
2020.05.25,182.99999999999983,-82.99999999998863,-203.00000000001984,-168.99999999999693,-12.999999999996348,-30.000000000007798,-53.00000000000304,237.99999999998266,-121.99999999999989,-118.99999999999977,-198.99999999999363,65.00000000000395,104.99999999999955,-41.9999999999976,-285.000000000025,-100.0000000000112,-331.999999999999,-177.99999999999727,3.0000000000196536,-76.0000000000094,-29.999999999996696,91.99999999999875,46.00000000000648,21.99999999999136,-45.000000000006146,-46.999999999997044,45.99999999999049,,-1326.0000000000528
2020.05.25,243.00000000000432,-79.00000000000685,-212.00000000001216,-164.00000000000148,-41.000000000002146,-60.99999999999994,-34.99999999999615,280.9999999999979,-97.00000000001374,-49.99999999999716,-219.99999999999798,80.00000000000229,116.00000000000499,21.00000000000435,-293.00000000000637,-97.00000000001374,-373.00000000000114,-83.99999999998897,146.00000000000168,-12.000000000012001,32.999999999994145,85.00000000000796,10.000000000005116,9.999999999990905,-85.00000000000173,-70.99999999999883,72.0000000000054,,-877.0000000000314
2020.05.25,221.99999999999997,-65.00000000000395,-247.00000000001944,-161.00000000000136,25.00000000000835,-102.00000000000209,5.999999999994898,210.99999999998343,-87.00000000001484,-72.99999999999329,-184.99999999999073,50.0000000000056,82.99999999999974,-7.9999999999968985,-222.0000000000084,-123.00000000000644,-452.00000000000796,-57.999999999992724,100.0000000000112,-85.00000000000173,-70.0000000000145,55.00000000000682,-25.99999999999625,-18.000000000000682,-97.9999999999981,-82.00000000000429,59.99999999999339,,-1350.0000000000502
2020.05.25,176.0000000000095,-14.999999999987246,-198.00000000000927,-194.99999999999318,14.000000000002899,-82.99999999999974,-9.999999999998899,141.99999999999767,-49.99999999999449,-125.0,-159.9999999999935,30.000000000007798,62.000000000006494,-33.000000000005244,-215.0000000000034,-71.00000000002105,-336.00000000000296,-93.99999999999409,97.00000000001374,-63.000000000013046,-34.000000000000696,50.00000000001137,-13.999999999995794,0.0,-78.99999999999574,-77.00000000000485,60.99999999999994,,-1219.9999999999636
2020.05.25,204.00000000000418,-5.999999999994898,-197.00000000000273,-194.99999999999318,45.000000000006146,-58.000000000002494,-0.999999999995449,168.99999999999693,-92.00000000000318,-123.00000000000466,-154.99999999999403,68.00000000000139,85.00000000000173,-65.99999999999939,-230.0000000000182,-79.00000000000685,-295.0000000000008,-126.99999999999534,46.0000000000127,-49.00000000001015,-49.00000000001015,61.00000000000705,33.00000000000125,19.99999999999602,-39.999999999995595,-48.000000000003595,86.0000000000083,,-992.9999999999953
2020.05.25,152.00000000000767,-156.00000000000057,-137.00000000000932,-191.99999999999307,-126.99999999998823,-21.999999999999797,-111.00000000000554,196.99999999998053,-90.99999999999665,-186.00000000000705,-198.99999999999363,95.00000000000064,102.00000000000209,-46.999999999997044,-392.00000000002433,-110.00000000001009,-222.00000000001108,-217.9999999999893,34.000000000000696,25.999999999992696,-9.000000000014552,111.0000000000042,82.00000000000784,55.999999999997385,-11.00000000000545,-29.000000000001247,95.00000000000064,,-1309.0000000000528
2020.05.25,99.00000000000463,-141.99999999999767,-69.00000000000794,-191.99999999999307,-150.99999999999002,41.9999999999976,-102.00000000000209,186.99999999998164,-103.00000000000864,-234.99999999999943,-210.99999999999451,80.00000000000229,104.99999999999955,-70.0000000000034,-377.00000000000955,-12.000000000012001,-184.00000000000637,-268.0000000000007,56.000000000011596,15.999999999993797,-19.00000000001345,180.00000000000682,146.0000000000008,112.99999999999955,-22.999999999995246,-40.00000000000669,106.00000000000608,,-1068.0000000000362
2020.05.25,82.99999999999974,-170.00000000000347,-1.0000000000065512,-183.9999999999975,-190.00000000000128,70.99999999999883,-148.0000000000037,188.9999999999947,-127.00000000001043,-246.9999999999999,-172.99999999998983,109.99999999999899,117.99999999999588,-94.00000000000519,-408.00000000001546,-53.00000000001415,-143.00000000000423,-335.9999999999985,25.00000000000835,24.999999999986144,-8.000000000008,192.00000000000728,179.00000000000205,143.99999999999125,0.0,-17.000000000000348,106.00000000000608,,-1057.000000000069
2020.05.25,60.00000000000449,-147.99999999999258,33.99999999997849,-164.99999999999204,-190.00000000000128,44.99999999999504,-112.99999999999643,154.99999999999403,-143.00000000000423,-260.9999999999957,-170.99999999999892,77.00000000000485,85.99999999999719,-126.99999999999933,-366.00000000001387,6.999999999979245,-165.9999999999995,-327.99999999998875,-18.999999999991246,-79.00000000000685,-158.99999999999804,161.00000000000136,136.0000000000099,82.99999999999841,-34.000000000000696,-56.99999999999594,116.00000000000499,,-1566.0000000000073
2020.05.25,74.00000000000739,-147.00000000000824,44.99999999998394,-141.9999999999959,-130.99999999999224,60.99999999999994,-109.99999999999899,158.99999999999804,-143.00000000000423,-230.00000000000398,-161.00000000000003,101.00000000000664,87.00000000000374,-131.00000000000333,-323.0000000000075,-87.00000000001484,-167.00000000000603,-316.99999999999307,-72.99999999998974,-60.000000000015596,-168.0000000000126,146.0000000000008,137.00000000000045,84.99999999999375,-12.999999999996348,-55.000000000005045,130.0000000000079,,-1433.0000000000452
2020.05.25,85.00000000000173,-123.99999999999079,-14.000000000002899,-150.99999999999625,-102.00000000000209,60.99999999999994,-80.00000000000229,177.99999999998929,-151.9999999999966,-222.99999999999898,-156.99999999999602,109.00000000000354,95.00000000000064,-119.00000000000244,-317.0000000000073,-57.00000000001815,-134.99999999999625,-281.9999999999965,-37.99999999998249,9.999999999998899,-103.00000000000864,124.00000000000944,149.0000000000009,85.99999999999852,27.999999999994696,-24.000000000001798,140.0000000000068,,-1012.9999999999948
2020.05.25,10.000000000010001,-202.9999999999976,21.999999999988695,-143.00000000000068,-58.99999999998684,61.999999999995396,-116.00000000000499,150.99999999999002,-171.00000000001003,-287.00000000000614,-136.99999999999824,106.00000000000608,82.99999999999974,-161.99999999999548,-379.0000000000191,-194.0000000000053,-123.00000000000644,-405.00000000000114,-255.99999999998957,-97.9999999999981,-231.0000000000034,97.99999999999898,143.00000000000068,82.99999999999841,66.99999999999484,4.999999999999449,157.99999999999147,,-1976.0000000000487
2020.05.25,-2.999999999997449,-208.99999999999253,125.99999999998168,-132.99999999999557,-60.99999999999994,100.99999999999554,-126.0000000000039,134.99999999999625,-161.00000000001114,-299.0000000000066,-73.99999999999629,73.00000000000084,48.99999999999905,-141.00000000000225,-380.0000000000239,-235.00000000000742,-153.00000000000313,-405.00000000000114,-268.9999999999859,-87.00000000001484,-204.00000000000418,94.99999999999886,167.0000000000016,102.99999999999443,99.00000000000463,24.000000000001798,160.00000000000458,,-1808.0000000000664
2020.05.25,-2.999999999997449,-201.99999999999108,77.99999999997809,-150.99999999999625,-53.999999999998494,98.99999999999353,-92.99999999999864,98.99999999998244,-87.00000000001484,-316.0000000000025,-52.99999999999194,73.00000000000084,51.000000000001044,-117.00000000000044,-396.000000000015,-260.0000000000158,-161.99999999999548,-345.9999999999894,-203.99999999998198,-69.00000000000794,-198.99999999999363,97.00000000000841,174.0000000000066,104.99999999998977,99.00000000000463,24.999999999997247,170.00000000000347,,-1642.0000000000257
2020.05.25,-39.00000000000014,-175.99999999999838,12.999999999996348,-153.99999999999636,-35.999999999991594,104.99999999999955,-107.00000000000153,57.99999999998029,-69.00000000000794,-347.999999999999,-57.99999999999139,70.99999999999883,38.0000000000047,-144.99999999999514,-375.0,-214.00000000000307,-70.99999999999883,-370.9999999999951,-256.99999999999613,-28.000000000005798,-171.00000000001003,97.00000000000841,194.00000000000261,96.9999999999942,141.99999999999767,34.000000000000696,177.00000000000495,,-1593.0000000000025
2020.05.25,-3.999999999992898,-242.99999999999324,-41.000000000002146,-152.9999999999916,-9.999999999998899,79.99999999999119,-90.99999999999665,117.99999999999588,-26.999999999999247,-320.99999999999795,-54.999999999993946,75.00000000000284,34.99999999999615,-56.99999999999594,-444.0000000000168,-309.0000000000037,-232.00000000000998,-280.9999999999917,-139.00000000000023,75.99999999998718,-110.99999999999443,79.00000000000773,163.0000000000109,73.99999999999807,109.99999999999899,15.999999999993797,202.9999999999976,,-1488.999999999999
2020.05.25,30.000000000007798,-258.99999999998704,-55.000000000005045,-153.99999999999636,-31.999999999987594,111.99999999998988,-100.00000000000009,201.99999999999108,-38.0000000000047,-287.9999999999967,-89.99999999999008,106.00000000000608,60.99999999999994,5.999999999994898,-471.00000000000364,-329.00000000000153,-246.99999999999721,-230.99999999999454,-65.99999999998829,163.00000000000205,-9.000000000014552,85.99999999999852,204.00000000000773,93.99999999999409,134.0000000000008,26.999999999999247,215.00000000000963,,-928.999999999966
2020.05.25,-30.999999999992145,-316.99999999998954,-35.00000000000725,-137.99999999999102,-121.99999999999989,127.99999999999478,-131.00000000000333,194.99999999998963,-25.00000000000835,-328.9999999999935,-115.99999999999389,136.00000000000279,56.99999999999594,17.999999999995797,-499.00000000002365,-323.0000000000066,-191.00000000000784,-246.9999999999999,-52.99999999999194,245.99999999999068,2.999999999997449,91.00000000000819,216.00000000000819,111.99999999999477,104.00000000000409,-4.999999999999449,205.99999999999508,,-1050.0000000000314
2020.05.25,35.00000000000725,-253.99999999999866,-31.000000000003247,-156.99999999999648,-139.9999999999846,122.99999999999534,-114.99999999999844,215.99999999999397,-46.0000000000127,-274.0000000000009,-119.99999999999788,138.00000000000477,84.0000000000063,2.000000000002,-448.0000000000075,-224.000000000002,-161.99999999999548,-263.9999999999958,-4.999999999988347,209.9999999999991,28.999999999990145,141.00000000000534,216.00000000000819,112.99999999999955,90.99999999999665,-12.000000000000899,214.00000000000307,,-639.9999999999712
2020.05.25,24.000000000001798,-276.9999999999939,-25.00000000000835,-155.00000000000114,-198.99999999999363,156.99999999999602,-119.99999999999788,237.99999999998266,-29.999999999996696,-287.9999999999967,-143.9999999999997,152.00000000000767,107.00000000000153,27.999999999994696,-471.00000000000364,-182.99999999999983,-119.00000000000244,-248.99999999999523,64.0000000000196,268.9999999999859,90.99999999999665,179.00000000000205,243.99999999999977,144.99999999999602,83.9999999999952,-9.00000000000345,200.00000000000017,,-287.00000000001296
2020.05.25,-19.999999999997797,-285.00000000000193,-26.0000000000149,-146.99999999999136,-215.99999999999397,141.99999999999767,-122.99999999999534,186.99999999998164,11.999999999989797,-322.9999999999933,-132.99999999999423,124.00000000000189,78.99999999999574,9.999999999998899,-473.0000000000132,-143.00000000000423,-117.99999999999588,-233.99999999999466,78.00000000000028,234.99999999998522,107.99999999999699,178.00000000001148,231.00000000000875,152.00000000000102,78.99999999999574,-19.00000000000235,188.9999999999947,,-456.00000000003314
2020.05.25,11.00000000000545,-219.99999999999798,-39.00000000001125,-152.9999999999916,-173.99999999998528,139.00000000000023,-119.99999999999788,162.99999999997982,-2.999999999997449,-302.99999999999727,-117.99999999999588,138.00000000000477,92.99999999999864,-12.000000000000899,-418.00000000000637,-121.00000000001555,-63.99999999999739,-241.99999999999022,36.0000000000138,251.99999999998556,106.99999999999044,135.00000000000512,225.9999999999991,146.0000000000008,90.99999999999665,2.999999999997449,194.0000000000053,,-253.000000000002
2020.05.25,15.00000000000945,-238.99999999998923,-31.000000000003247,-153.99999999999636,-139.9999999999846,126.99999999999933,-129.00000000000134,147.99999999999258,-18.0000000000069,-295.0000000000017,-124.99999999999733,104.99999999999955,89.00000000000574,-2.999999999997449,-443.00000000001205,-273.0000000000121,-127.00000000001043,-248.99999999999523,-81.9999999999821,214.99999999998744,82.00000000000429,80.0000000000125,219.0000000000083,144.99999999999602,78.99999999999574,-4.000000000004,171.00000000001003,,-836.9999999999733
2020.05.25,17.000000000000348,-215.99999999999397,1.999999999990898,-159.9999999999966,-126.0000000000039,149.99999999999457,-134.0000000000008,162.99999999997982,-16.000000000016,-295.0000000000017,-84.99999999999064,124.00000000000189,100.00000000000009,10.999999999994348,-430.0000000000068,-190.00000000000128,-31.000000000003247,-266.9999999999959,-19.999999999997797,252.99999999999213,161.99999999999548,100.00000000000853,251.00000000000477,172.9999999999876,82.00000000000429,34.000000000000696,177.00000000000495,,-171.00000000004826
2020.05.25,23.00000000000635,-224.000000000002,7.999999999985796,-165.99999999999682,-102.00000000000209,133.99999999998968,-124.99999999999733,160.99999999998892,-22.0000000000109,-295.0000000000017,-87.99999999999919,114.00000000000298,92.00000000000318,7.9999999999968985,-444.0000000000168,-209.00000000001472,-83.9999999999952,-268.99999999999125,-27.999999999983594,222.99999999999542,147.99999999999258,125.0,240.0000000000091,167.99999999999216,117.00000000000044,34.000000000000696,168.99999999999693,,-292.00000000005093
2020.05.25,26.000000000003798,-225.99999999999287,8.999999999992347,-162.9999999999967,-93.99999999999409,127.99999999999478,-117.00000000000044,158.99999999999804,-45.000000000006146,-293.00000000000637,-85.99999999999719,104.00000000000409,50.0000000000056,4.999999999999449,-439.0000000000214,-234.00000000000088,-157.00000000000713,-268.0000000000007,-35.999999999991594,187.00000000000384,89.99999999999008,128.0000000000001,228.00000000000864,159.9999999999966,110.99999999999443,36.999999999998145,164.00000000000858,,-572.0000000000168
2020.05.25,13.00000000000745,-229.99999999999687,3.999999999981796,-165.99999999999682,-69.9999999999923,132.99999999999423,-114.00000000000298,169.99999999998127,-48.000000000003595,-305.9999999999974,-97.9999999999981,107.00000000000153,75.9999999999983,-2.999999999997449,-449.0000000000123,-285.00000000000193,-117.00000000001154,-287.9999999999967,-102.99999999998644,183.99999999998417,93.99999999999409,94.99999999999886,233.0000000000041,152.9999999999916,119.99999999999788,48.99999999999905,164.99999999999292,,-681.0000000000674
2020.05.25,21.999999999999797,-228.00000000000597,6.999999999979245,-161.99999999999193,-55.99999999998939,128.99999999999022,-114.00000000000298,160.99999999998892,-36.999999999998145,-289.0000000000015,-61.999999999995396,113.00000000000753,85.00000000000173,-0.999999999995449,-443.00000000001205,-293.0000000000099,-127.00000000001043,-275.99999999999625,-106.99999999999044,195.9999999999962,117.99999999999588,97.00000000000841,233.0000000000041,160.99999999998715,127.99999999999478,48.99999999999905,171.99999999999437,,-524.0000000000523
2020.05.25,48.000000000003595,-224.000000000002,-13.000000000018552,-173.00000000000182,-126.99999999998823,128.99999999999022,-119.00000000000244,212.99999999999653,-56.000000000011596,-266.9999999999959,-109.99999999999899,123.00000000000644,95.00000000000064,17.999999999995797,-447.00000000000273,-220.00000000002018,-127.99999999999478,-274.0000000000009,-45.99999999999049,226.99999999999943,116.99999999998934,112.00000000000898,233.0000000000041,162.9999999999967,93.99999999999409,34.000000000000696,151.9999999999966,,-446.0000000000456
2020.05.25,62.000000000006494,-234.00000000000088,-5.000000000010552,-182.00000000000216,-154.99999999999403,121.99999999999989,-129.9999999999968,101.99999999997988,-63.000000000013046,-257.000000000005,-129.9999999999968,143.00000000000423,112.000000000001,-73.00000000000084,-450.00000000001705,-175.00000000001404,-73.99999999999629,-274.9999999999915,-28.999999999990145,237.99999999998266,126.99999999998823,64.00000000000716,231.99999999999932,160.99999999998715,70.99999999999883,-1.0000000000065512,119.00000000000244,,-680.0000000000789
2020.05.26,19.00000000000235,-204.99999999998852,-31.000000000003247,-177.99999999999727,-173.99999999998528,91.99999999999208,-163.99999999999747,147.99999999999258,-75.00000000000284,-207.9999999999984,-129.9999999999968,92.00000000000318,78.00000000000028,-12.000000000000899,-471.00000000000364,-187.00000000000384,-100.99999999999554,-304.00000000000205,46.0000000000127,210.99999999998343,65.99999999998829,53.00000000001148,115.0000000000091,95.99999999998943,21.00000000000435,-50.0000000000056,35.999999999991594,,-1217.0000000000007
2020.05.26,-8.999999999992347,-191.99999999999218,-34.000000000000696,-179.9999999999926,-175.99999999999838,100.00000000000009,-148.0000000000037,119.99999999998678,-43.00000000001525,-228.9999999999992,-105.99999999999498,82.99999999999974,60.99999999999994,-2.999999999997449,-421.0000000000207,-148.99999999999915,-102.00000000000209,-272.99999999999613,68.00000000000139,184.99999999999073,123.00000000000644,144.00000000000546,182.00000000000216,128.0000000000001,65.00000000000395,-40.00000000000669,58.000000000002494,,-788.0000000000123
2020.05.26,65.99999999999939,-184.99999999999073,-34.000000000000696,-182.00000000000216,-106.99999999999044,98.99999999999353,-114.00000000000298,148.99999999999915,-55.000000000005045,-243.99999999999977,-122.99999999999534,85.00000000000173,75.00000000000284,-0.999999999995449,-411.00000000000136,-165.00000000001512,-163.00000000000205,-256.0000000000002,23.00000000001745,167.9999999999904,109.99999999998789,145.00000000001023,198.0000000000075,146.0000000000008,39.999999999995595,-40.00000000000669,100.0000000000112,,-675.9999999999902
2020.05.26,70.0000000000034,-190.00000000000128,-27.00000000002145,-188.99999999999295,-114.99999999999844,98.99999999999353,-124.99999999999733,215.99999999999397,-41.000000000002146,-268.0000000000007,-128.99999999999022,114.99999999999844,77.00000000000485,2.999999999997449,-433.00000000002115,-135.00000000001845,-201.00000000000674,-269.999999999996,64.0000000000196,167.9999999999904,46.999999999997044,170.0000000000017,212.0000000000033,146.99999999999136,61.999999999995396,-2.999999999997449,137.00000000000932,,-539.000000000045
2020.05.26,72.0000000000054,-229.99999999999687,-8.000000000008,-188.99999999999295,-119.99999999998678,78.00000000000028,-111.00000000000554,226.99999999999943,-65.00000000000395,-275.99999999999625,-132.99999999999423,90.0000000000012,63.00000000000195,-2.000000000002,-450.00000000001705,-185.00000000001293,-272.00000000000557,-298.0000000000018,9.999999999998899,48.99999999998794,-99.00000000000463,155.00000000000114,163.0000000000109,92.99999999998931,29.999999999996696,-46.00000000000159,181.9999999999933,,-1272.000000000044
2020.05.26,57.00000000000705,-303.0000000000088,15.999999999993797,-161.99999999999193,-188.9999999999947,94.99999999998954,-180.99999999999784,275.9999999999874,-87.99999999999919,-248.00000000000466,-154.99999999999403,107.00000000000153,73.99999999999629,9.00000000000345,-491.00000000001387,-189.00000000001694,-265.0000000000041,-289.99999999999204,26.999999999999247,88.99999999998354,-55.000000000005045,173.00000000000182,190.00000000001194,112.99999999999955,49.99999999999449,-40.00000000000669,148.99999999999915,,-1231.0000000000607
2020.05.26,56.0000000000005,-331.999999999999,14.999999999987246,-212.99999999999386,-212.99999999999653,121.99999999999989,-209.9999999999991,314.99999999999864,-110.99999999999443,-295.0000000000017,-168.99999999999693,143.00000000000423,126.99999999999933,24.000000000001798,-584.0000000000032,-218.00000000000708,-286.00000000000847,-365.99999999999966,38.0000000000047,120.99999999999334,41.000000000002146,195.0000000000074,227.00000000000387,159.9999999999966,39.999999999995595,-4.999999999999449,73.00000000001194,,-1304.9999999999923
2020.05.26,1.0000000000065512,-466.9999999999952,30.999999999981043,-215.99999999999397,-344.99999999999534,132.99999999999423,-282.99999999999994,323.99999999999096,-114.99999999999844,-373.9999999999952,-188.9999999999947,153.00000000000313,134.0000000000008,29.999999999996696,-747.0000000000141,-254.00000000002086,-181.9999999999933,-443.9999999999884,37.00000000002035,157.99999999999147,51.000000000001044,219.0000000000083,254.0000000000049,184.99999999998806,75.9999999999983,12.999999999996348,151.9999999999966,,-1665.0000000000111
2020.05.26,-26.999999999999247,-512.0000000000014,131.99999999999878,-311.9999999999976,-367.99999999999056,289.9999999999903,-350.00000000000585,375.9999999999986,-120.00000000000898,-504.99999999999545,-195.9999999999962,253.99999999999866,197.99999999999818,51.99999999999649,-912.0000000000061,-283.000000000011,-25.00000000000835,-593.9999999999941,47.00000000001925,400.00000000000034,225.99999999999287,291.000000000011,420.0000000000017,307.9999999999927,202.9999999999976,92.00000000000318,174.00000000000747,,-741.0000000000076
2020.05.26,-26.999999999999247,-451.0000000000014,126.99999999998823,-364.0000000000043,-390.9999999999858,352.9999999999922,-373.00000000000114,312.00000000000114,-124.99999999999733,-534.9999999999966,-208.99999999999253,299.00000000000483,273.9999999999965,4.999999999999449,-880.0000000000239,-189.00000000001694,259.9999999999936,-628.9999999999907,16.000000000016,526.9999999999886,453.99999999999886,383.0000000000098,578.000000000003,487.99999999999955,285.00000000000193,183.99999999999528,150.00000000000568,,521.999999999985
2020.05.26,-30.999999999992145,-435.0000000000076,136.99999999998712,-320.99999999999795,-370.999999999988,297.9999999999983,-373.00000000000114,318.9999999999804,-120.00000000000898,-513.0000000000052,-181.9999999999933,258.0000000000027,255.00000000000523,9.999999999998899,-820.0000000000216,-179.00000000001802,121.99999999999989,-605.9999999999945,26.999999999999247,401.99999999999125,378.999999999996,356.9999999999993,493.0000000000092,436.9999999999976,199.00000000000472,171.99999999999437,66.00000000001049,,-20.000000000053404
2020.05.26,1.0000000000065512,-374.0000000000077,123.99999999999079,-313.0000000000024,-319.0000000000026,257.9999999999916,-336.00000000000296,313.99999999999204,-130.0000000000079,-468.0000000000035,-178.99999999999582,226.99999999999943,250.00000000000577,-9.999999999998899,-772.0000000000198,-157.00000000000713,25.999999999992696,-568.9999999999884,16.000000000016,288.99999999998374,360.9999999999891,350.0000000000085,451.0000000000076,416.9999999999874,165.9999999999995,170.00000000000347,65.00000000000395,,-142.00000000005858
2020.05.26,-11.999999999989797,-408.00000000000836,152.99999999998093,-310.99999999999284,-354.9999999999942,292.9999999999988,-363.0000000000022,290.9999999999968,-131.99999999999878,-475.9999999999991,-184.99999999999073,251.00000000000122,261.0000000000001,-17.000000000000348,-793.0000000000064,-153.00000000000313,123.99999999999079,-581.9999999999936,50.0000000000167,358.9999999999982,377.0000000000051,364.0000000000043,469.99999999999886,425.9999999999877,182.00000000000438,168.00000000000148,86.99999999999264,,68.9999999999985
2020.05.26,-57.99999999999139,-449.9999999999948,169.99999999998127,-292.0000000000016,-451.99999999998573,329.999999999997,-429.99999999999704,295.0000000000008,-136.00000000000279,-528.0000000000058,-199.9999999999891,280.9999999999979,290.00000000000136,-26.999999999999247,-821.0000000000264,-112.000000000001,225.99999999999287,-641.9999999999959,17.000000000000348,442.9999999999934,448.9999999999883,381.0000000000002,520.0000000000102,474.9999999999943,224.000000000002,212.99999999999653,76.0000000000094,,241.9999999999754
2020.05.26,-56.99999999999594,-469.0000000000083,211.99999999998997,-275.99999999999625,-485.99999999998647,410.9999999999947,-431.0000000000036,329.99999999998585,-144.99999999999514,-503.0000000000001,-228.99999999999034,340.00000000000693,329.999999999997,-2.000000000002,-842.000000000013,-113.00000000000753,303.9999999999932,-617.999999999995,83.00000000001084,570.0000000000039,578.9999999999961,397.00000000000557,579.0000000000077,510.9999999999957,256.0000000000007,224.9999999999974,90.99999999999665,,1046.9999999999886
2020.05.26,-44.99999999999504,-519.9999999999872,230.9999999999812,-292.99999999999216,-509.00000000000387,404.99999999999983,-429.0000000000016,365.99999999999966,-185.00000000001293,-510.9999999999957,-249.99999999999466,339.0000000000004,326.0000000000041,-4.000000000004,-906.0000000000059,-115.00000000002063,262.999999999991,-667.0000000000016,62.000000000006494,536.9999999999875,502.00000000000244,449.0000000000123,602.0000000000039,524.9999999999915,251.00000000000122,200.00000000000017,106.00000000000608,,729.9999999999725
2020.05.26,-32.999999999994145,-480.99999999999807,219.99999999999798,-295.99999999999227,-470.9999999999992,380.999999999998,-419.9999999999982,371.99999999999454,-175.99999999999838,-503.0000000000001,-228.99999999999034,323.0000000000066,304.00000000000426,4.000000000004,-880.0000000000239,-113.00000000000753,236.99999999999832,-647.9999999999961,86.0000000000083,487.99999999999955,472.9999999999901,442.0000000000073,588.9999999999986,518.9999999999912,229.00000000000142,185.99999999999727,110.99999999999443,,713.9999999999935
2020.05.26,-28.999999999990145,-487.99999999999955,206.99999999997942,-310.0000000000023,-580.0000000000027,407.99999999999727,-473.99999999999665,405.9999999999952,-190.00000000000128,-510.9999999999957,-287.9999999999994,357.00000000000733,346.0000000000019,14.000000000002899,-900.0000000000057,-98.0000000000203,286.99999999999284,-673.9999999999924,107.00000000001265,573.9999999999857,571.9999999999948,442.0000000000073,612.000000000009,537.9999999999967,271.9999999999945,221.99999999999997,117.99999999999588,,939.9999999999675
2020.05.26,-68.99999999999685,-730.0000000000084,258.99999999998704,-337.0000000000033,-658.0000000000031,450.9999999999903,-511.0000000000059,417.0000000000007,-293.99999999999426,-539.0000000000015,-335.99999999999187,394.00000000000546,375.0000000000031,9.999999999998899,-1188.0000000000166,-229.00000000001253,211.99999999998997,-798.9999999999924,121.00000000001555,594.99999999999,580.0000000000027,507.000000000005,667.0000000000016,587.9999999999939,263.0000000000021,215.99999999999397,102.00000000000209,,66.99999999995542
2020.05.26,-6.999999999990347,-858.9999999999875,223.99999999997976,-328.00000000000296,-659.999999999994,473.99999999999665,-528.0000000000063,626.9999999999998,-277.00000000001614,-510.9999999999957,-346.9999999999973,438.00000000000506,419.00000000000273,131.00000000000333,-1306.0000000000116,-477.0000000000163,0.0,-762.999999999991,154.0000000000097,659.999999999994,645.0000000000067,525.0000000000057,695.0000000000074,614.9999999999949,273.9999999999965,229.00000000000142,117.99999999999588,,164.99999999999048
2020.05.26,-120.99999999999334,-961.9999999999961,192.99999999999872,-326.9999999999982,-682.0000000000048,505.99999999999534,-568.0000000000018,732.9999999999836,-265.0000000000041,-620.0000000000045,-328.9999999999904,489.0000000000061,446.00000000000193,197.99999999999818,-1412.0000000000061,-533.0000000000057,15.999999999993797,-848.9999999999895,63.000000000013046,766.0,722.0000000000005,518.0000000000007,736.0000000000042,640.9999999999911,337.99999999999386,273.000000000001,144.0000000000108,,113.99999999999864
2020.05.26,-179.99999999999127,-957.9999999999922,366.999999999984,-292.0000000000016,-760.0000000000051,586.9999999999931,-619.0000000000028,608.9999999999928,-268.0000000000016,-629.9999999999955,-286.99999999999284,461.0000000000003,439.0000000000005,146.99999999999713,-1343.0000000000177,-484.00000000001774,133.99999999998968,-841.9999999999987,63.000000000013046,746.9999999999866,696.999999999992,539.0000000000015,785.0000000000108,698.9999999999981,361.9999999999957,304.00000000000426,89.00000000000574,,365.9999999999478
2020.05.26,-234.99999999999633,-1021.9999999999895,377.9999999999894,-283.00000000000125,-836.9999999999989,645.999999999991,-666.9999999999953,617.0000000000009,-303.0000000000088,-712.0000000000033,-363.99999999999767,465.0000000000043,436.00000000000307,175.99999999999838,-1452.0000000000266,-473.0000000000123,191.00000000000784,-876.9999999999953,124.00000000001299,858.9999999999875,841.9999999999872,596.0000000000036,858.0000000000041,750.9999999999906,392.00000000000347,320.9999999999935,110.99999999999443,,537.999999999947
2020.05.26,-269.9999999999925,-1330.9999999999934,425.99999999999307,-259.9999999999909,-1041.9999999999873,692.9999999999992,-895.9999999999968,706.999999999991,-334.00000000001205,-659.000000000006,-359.99999999999363,563.0000000000024,545.0000000000066,151.9999999999966,-1655.0000000000011,-578.0000000000118,316.99999999998954,-958.999999999989,138.0000000000159,906.9999999999911,953.0000000000039,624.0000000000094,895.0000000000102,817.9999999999978,426.9999999999996,373.00000000000114,59.99999999999339,,254.0000000000254
2020.05.26,-352.9999999999922,-1540.9999999999923,621.9999999999892,-224.99999999999432,-1123.9999999999916,877.9999999999899,-936.999999999999,908.999999999982,-350.00000000000585,-763.0000000000052,-365.99999999999966,624.0000000000023,619.0000000000028,307.0000000000017,-1906.000000000006,-792.9999999999993,107.99999999999699,-1122.0,60.99999999999994,1021.9999999999895,1095.999999999986,689.0000000000072,1033.0000000000014,977.9999999999944,517.9999999999962,480.0000000000027,38.0000000000047,,501.9999999999617
2020.05.26,-309.99999999999915,-1513.9999999999932,636.9999999999986,-176.00000000000193,-1048.9999999999889,836.9999999999989,-894.0000000000059,934.9999999999969,-327.99999999999494,-692.0000000000073,-343.9999999999999,601.000000000007,600.999999999996,309.0000000000037,-1817.0000000000073,-822.0000000000116,-19.00000000001345,-1004.9999999999955,53.999999999998494,953.0000000000039,1075.9999999999882,658.0000000000013,975.0000000000085,935.9999999999928,466.9999999999952,490.999999999997,29.00000000001235,,588.9999999999792
2020.05.26,-279.99999999999136,-1482.99999999999,593.9999999999834,-131.00000000000023,-1177.000000000006,884.9999999999914,-941.9999999999984,924.9999999999981,-367.0000000000062,-620.0000000000045,-426.9999999999996,665.0000000000044,673.0000000000014,334.9999999999964,-1739.0000000000043,-697.0000000000143,200.00000000000017,-935.9999999999928,114.99999999999844,1085.999999999987,1246.9999999999982,664.0000000000015,1016.0000000000053,972.999999999999,497.99999999999847,492.999999999999,15.00000000000945,,1584.9999999999636
2020.05.26,-336.9999999999984,-1418.0000000000082,562.9999999999802,-132.99999999999557,-1177.000000000006,796.9999999999922,-956.9999999999967,855.9999999999901,-280.9999999999979,-677.9999999999973,-410.9999999999947,560.0000000000049,602.0000000000025,344.99999999999534,-1680.0000000000068,-557.0000000000075,65.99999999998829,-866.9999999999902,281.0000000000201,997.0000000000034,1252.999999999993,682.0000000000022,929.000000000002,921.999999999997,382.00000000000455,429.99999999999704,-17.000000000000348,,1151.9999999999734
2020.05.26,-383.0,-1424.9999999999875,566.9999999999842,-91.99999999999875,-1322.000000000001,858.9999999999986,-939.9999999999964,845.9999999999912,-239.99999999999577,-620.0000000000045,-418.9999999999916,570.9999999999993,614.9999999999989,334.9999999999964,-1598.0000000000132,-511.000000000017,126.99999999998823,-792.9999999999922,369.0000000000193,1102.9999999999873,1310.9999999999955,663.0000000000109,907.0000000000107,896.0000000000008,356.00000000000074,410.9999999999947,-31.999999999987594,,1560.9999999999914
2020.05.26,-491.99999999999244,-1714.9999999999998,574.9999999999922,-12.999999999991019,-1533.999999999991,849.9999999999952,-1066.0000000000002,827.9999999999843,-270.99999999999903,-652.000000000001,-471.99999999999466,550.000000000006,599.0000000000051,373.00000000000114,-1804.000000000002,-733.0000000000059,-14.000000000002899,-911.9999999999919,330.0000000000081,1136.0000000000036,1401.999999999992,609.9999999999994,895.0000000000102,896.0000000000008,407.99999999999727,441.0000000000025,-62.000000000006494,,153.00000000002024
2020.05.26,-524.9999999999977,-1768.9999999999984,718.9999999999808,88.99999999999864,-1540.9999999999923,1012.9999999999973,-1065.0000000000048,963.999999999987,-239.00000000001143,-637.0000000000005,-457.99999999999176,630.0000000000083,655.0000000000056,400.00000000000034,-1770.0000000000102,-630.0000000000194,46.999999999997044,-867.999999999995,389.0000000000171,1204.9999999999893,1424.9999999999875,703.000000000003,978.9999999999992,949.9999999999886,409.0000000000038,434.000000000001,-24.000000000001798,,1484.9999999999422
2020.05.26,-503.99999999999335,-1771.999999999996,662.9999999999914,69.00000000000261,-1700.999999999997,995.9999999999969,-1105.0000000000005,990.9999999999864,-209.9999999999991,-656.9999999999965,-539.999999999996,668.9999999999974,675.9999999999989,465.9999999999998,-1797.0000000000255,-575.0000000000144,136.00000000000279,-825.9999999999934,507.000000000013,1370.0000000000045,1566.0000000000007,725.0000000000085,1012.0000000000005,972.999999999999,400.9999999999958,419.9999999999982,21.00000000000435,,1973.9999999999889
2020.05.26,-513.9999999999923,-1790.0000000000027,686.9999999999932,-33.00000000000125,-1790.999999999987,1100.9999999999964,-1182.0000000000052,1024.999999999987,-205.00000000001074,-754.9999999999955,-583.9999999999957,729.9999999999973,700.0000000000006,478.9999999999961,-1931.0000000000116,-440.00000000001813,353.0000000000033,-894.999999999996,647.0000000000198,1529.0000000000025,1709.9999999999893,849.0000000000038,1106.0000000000086,1049.9999999999973,417.0000000000007,409.99999999999926,26.999999999999247,,2699.999999999978
2020.05.26,-531.9999999999991,-1811.9999999999914,718.9999999999808,-97.99999999999898,-1785.9999999999986,1127.9999999999957,-1251.9999999999975,885.9999999999868,-228.00000000000597,-852.0000000000039,-569.9999999999927,719.000000000003,753.9999999999991,356.00000000000074,-1958.0000000000268,-425.0000000000087,404.0000000000044,-1054.000000000002,511.000000000017,1498.9999999999836,1749.0000000000005,899.0000000000009,1219.0000000000082,1177.9999999999973,451.9999999999969,478.0000000000006,-117.99999999999588,,2265.9999999999536
2020.05.26,-562.9999999999912,-1736.000000000004,772.9999999999793,-88.99999999999864,-1676.9999999999952,1079.999999999992,-1278.9999999999968,796.999999999981,-260.0000000000158,-870.9999999999951,-526.9999999999997,665.9999999999999,780.9999999999984,300.0000000000003,-1943.000000000012,-407.0000000000018,469.99999999999267,-1110.99999999999,368.00000000001273,1272.999999999991,1761.9999999999968,881.0000000000002,1192.0000000000073,1226.9999999999895,429.99999999999704,595.9999999999966,-148.99999999999915,,1983.9999999999345
2020.05.26,-497.99999999999847,-1912.0000000000025,772.9999999999793,-69.00000000000261,-1892.0000000000048,1166.0000000000005,-1287.0000000000048,1047.9999999999823,-493.0000000000101,-777.000000000001,-733.9999999999902,802.9999999999982,858.9999999999986,424.00000000000216,-2092.0000000000127,-406.00000000001745,300.99999999999574,-1107.99999999999,598.0000000000097,1472.999999999991,1926.9999999999898,938.0000000000024,1267.00000000001,1283.9999999999918,400.9999999999958,551.9999999999969,-124.99999999999733,,2420.9999999999122
2020.05.26,-436.9999999999985,-1903.9999999999945,827.0,-134.9999999999909,-2034.9999999999868,1124.9999999999982,-1305.9999999999961,1136.999999999988,-519.0000000000028,-784.000000000006,-774.9999999999924,797.0000000000033,880.9999999999984,400.00000000000034,-2129.000000000019,-321.0000000000157,391.9999999999924,-1213.9999999999986,679.0000000000074,1422.9999999999966,1835.9999999999932,1016.0000000000053,1245.0000000000045,1230.9999999999945,387.000000000004,478.0000000000006,-96.99999999999153,,2197.9999999999945
2020.05.26,-427.99999999999505,-1783.0000000000014,735.9999999999811,-87.0000000000033,-1890.9999999999982,1116.9999999999902,-1227.0000000000002,1062.9999999999918,-365.0000000000153,-721.9999999999942,-677.9999999999898,790.0000000000018,807.9999999999976,422.00000000000017,-2024.000000000001,-287.000000000015,452.99999999999227,-1052.9999999999973,670.9999999999993,1485.000000000003,1777.0000000000064,986.0000000000042,1233.000000000004,1194.9999999999932,376.99999999999403,461.0000000000003,-73.99999999999629,,2954.999999999954
2020.05.26,-439.99999999999596,-1744.9999999999966,725.9999999999823,-103.9999999999992,-1753.0000000000045,1091.999999999993,-1168.9999999999977,1063.9999999999982,-268.0000000000016,-731.9999999999993,-619.9999999999983,758.0000000000031,797.0000000000033,458.00000000000284,-1978.0000000000086,-312.00000000000114,320.9999999999935,-985.99999999999,744.0000000000114,1517.999999999997,1815.9999999999955,957.0000000000078,1169.0000000000111,1152.9999999999916,378.999999999996,446.9999999999974,-34.000000000000696,,3257.9999999999905
2020.05.26,-461.0000000000003,-1730.9999999999936,729.9999999999862,-33.999999999991815,-2071.999999999985,1090.9999999999975,-1178.9999999999968,987.9999999999889,-290.9999999999968,-694.0000000000026,-760.9999999999894,757.0000000000076,787.9999999999998,388.9999999999949,-1876.0000000000048,-259.0000000000092,350.00000000000585,-961.9999999999891,765.0000000000157,1510.9999999999957,1808.9999999999939,953.000000000003,1168.0000000000064,1154.9999999999868,271.9999999999945,300.99999999999574,-28.000000000005798,,2679.0000000000055
2020.05.26,-496.99999999999187,-1651.0000000000025,750.9999999999906,-30.000000000001137,-2195.999999999998,1191.9999999999932,-1229.0000000000023,950.9999999999908,-283.000000000011,-724.9999999999943,-773.9999999999969,844.0000000000003,831.9999999999994,336.9999999999984,-1783.0000000000155,215.99999999999397,744.9999999999957,-1006.0000000000002,1019.9999999999986,1663.9999999999989,1852.9999999999936,1134.0000000000005,1275.0000000000057,1212.9999999999939,251.99999999999667,271.9999999999945,22.999999999995246,,4399.999999999925
2020.05.26,-508.9999999999928,-1627.0000000000007,816.9999999999789,-54.000000000002046,-2144.999999999997,1185.9999999999982,-1210.9999999999955,828.9999999999909,-270.00000000001467,-784.9999999999966,-748.9999999999997,797.0000000000033,785.0000000000024,299.00000000000483,-1772.0000000000198,261.0000000000001,824.9999999999868,-1021.9999999999914,972.0000000000173,1594.999999999991,1770.9999999999893,1146.000000000001,1290.0000000000064,1211.999999999989,278.9999999999959,285.00000000000193,56.000000000011596,,4260.999999999959
2020.05.26,-544.0,-1648.9999999999893,832.9999999999949,-63.99999999999295,-2239.9999999999977,1189.9999999999911,-1280.0000000000034,855.9999999999901,-265.0000000000041,-828.9999999999935,-757.999999999992,802.9999999999982,797.9999999999987,290.00000000000136,-1819.0000000000168,354.9999999999942,841.0000000000028,-1085.9999999999986,997.0000000000034,1573.9999999999866,1760.000000000006,1164.0000000000014,1295.0000000000018,1228.999999999999,251.00000000000122,268.0000000000016,42.0000000000087,,4011.9999999999914
2020.05.26,-600.0000000000006,-1726.9999999999895,902.9999999999872,-22.999999999996135,-2329.9999999999877,1306.9999999999916,-1378.0000000000014,883.9999999999959,-278.00000000000045,-832.9999999999984,-774.9999999999924,882.000000000005,877.0000000000056,307.99999999999716,-1861.0000000000184,402.9999999999978,1011.9999999999907,-1104.9999999999898,1072.0000000000064,1784.999999999992,2017.9999999999864,1236.000000000004,1409.000000000006,1338.9999999999986,326.0000000000041,346.0000000000019,48.000000000003595,,5244.999999999998
2020.05.26,-616.9999999999898,-1743.0000000000057,951.9999999999973,6.000000000000227,-2329.000000000003,1371.0,-1385.9999999999984,854.9999999999835,-272.00000000000557,-837.9999999999939,-761.999999999996,899.0000000000053,892.9999999999993,292.9999999999988,-1860.0000000000136,362.99999999998,1137.9999999999945,-1107.99999999999,1038.0000000000057,1852.9999999999936,2038.0000000000064,1228.0000000000086,1444.0000000000027,1363.99999999999,407.0000000000018,397.99999999999835,14.000000000002899,,5638.999999999972
2020.05.26,-601.9999999999915,-1746.0000000000032,830.9999999999818,16.999999999995907,-2276.999999999996,1170.9999999999998,-1353.9999999999995,804.9999999999891,-256.00000000001177,-832.9999999999984,-730.9999999999927,743.0000000000048,706.0000000000066,304.00000000000426,-1855.0000000000182,218.99999999999142,766.0,-1099.9999999999943,877.0000000000166,1523.999999999992,1566.0000000000007,1022.0000000000056,1194.0000000000027,1079.9999999999982,324.00000000000205,265.99999999999955,49.99999999999449,,2710.9999999999795
2020.05.26,-572.9999999999902,-1641.0000000000036,862.9999999999916,36.000000000001364,-2071.0000000000005,1175.9999999999993,-1151.9999999999975,818.9999999999919,-258.0000000000027,-775.0000000000057,-659.999999999994,739.0000000000008,680.0000000000028,297.9999999999983,-1688.0000000000166,152.99999999998093,706.999999999991,-992.999999999995,818.0000000000076,1461.9999999999854,1471.0,1024.000000000001,1194.0000000000027,1067.9999999999977,326.9999999999995,234.00000000000088,131.99999999999878,,3389.9999999999463
2020.05.26,-561.9999999999958,-1666.9999999999964,859.9999999999941,-3.0000000000001137,-2176.0,1189.9999999999911,-1136.0000000000036,827.9999999999843,-228.00000000000597,-786.0000000000014,-731.9999999999993,780.9999999999984,651.0000000000016,315.9999999999941,-1785.000000000025,173.99999999998528,783.0000000000003,-1009.9999999999909,873.0000000000126,1597.0000000000039,1512.9999999999866,1082.9999999999984,1219.0000000000082,1087.9999999999939,207.99999999999707,117.00000000000044,198.00000000000927,,3393.9999999999413
2020.05.27,-602.999999999998,-1672.9999999999911,839.9999999999964,-34.99999999999659,-2221.0000000000064,1164.9999999999939,-1104.000000000005,793.9999999999836,-222.99999999999542,-801.0000000000019,-727.9999999999953,705.0000000000001,607.0000000000019,329.00000000000153,-1819.0000000000168,287.9999999999994,672.0000000000059,-1042.0000000000016,1076.0000000000102,1561.9999999999968,1539.0000000000014,1099.0000000000036,1219.0000000000082,1045.9999999999923,171.99999999999437,73.00000000000084,107.99999999999699,,3044.999999999979
2020.05.27,-549.9999999999949,-1663.9999999999989,792.9999999999993,-6.000000000000227,-2212.999999999998,1138.99999999999,-1083.9999999999961,862.9999999999916,-226.00000000001506,-765.0000000000006,-720.9999999999939,706.0000000000066,633.0000000000058,365.0000000000042,-1792.0000000000016,198.99999999999363,635.0000000000077,-1009.0000000000003,989.0000000000176,1536.9999999999884,1465.9999999999895,1080.0000000000125,1177.0000000000068,1041.9999999999873,202.0000000000022,68.00000000000139,100.99999999999554,,2965.000000000001
2020.05.27,-567.9999999999907,-1641.0000000000036,798.9999999999942,13.00000000000523,-2136.999999999989,1168.9999999999977,-1102.9999999999984,846.9999999999977,-212.00000000001216,-750.0,-695.9999999999966,711.000000000006,631.9999999999992,348.00000000000387,-1719.9999999999989,249.99999999999466,672.9999999999902,-953.9999999999935,992.9999999999994,1543.9999999999898,1506.9999999999916,1074.0000000000123,1210.000000000008,1024.9999999999914,224.000000000002,82.99999999999974,124.99999999999733,,3445.999999999996
2020.05.27,-550.9999999999903,-1631.0000000000048,842.9999999999937,46.999999999997044,-2122.999999999986,1155.9999999999905,-1104.000000000005,861.999999999985,-219.00000000001364,-733.0000000000041,-694.9999999999901,736.0000000000033,677.0000000000053,346.9999999999973,-1694.0000000000168,282.9999999999888,628.9999999999907,-942.9999999999978,1006.000000000018,1471.9999999999845,1495.0000000000018,1103.999999999999,1194.0000000000027,1061.9999999999977,197.00000000000273,119.99999999999788,140.0000000000068,,3676.999999999954
2020.05.27,-558.9999999999984,-1648.9999999999893,860.9999999999784,37.00000000000614,-2139.000000000002,1139.9999999999966,-1112.9999999999973,852.9999999999926,-218.00000000000708,-751.9999999999953,-695.9999999999966,705.0000000000001,648.9999999999995,339.99999999999585,-1733.000000000004,256.99999999999613,570.0000000000039,-972.999999999999,977.0000000000057,1427.0000000000005,1468.0000000000027,1106.0000000000086,1177.0000000000068,1053.9999999999877,187.9999999999993,88.99999999999464,107.99999999999699,,3173.999999999983
2020.05.27,-562.9999999999912,-1652.000000000009,828.9999999999909,57.00000000000216,-2099.0000000000064,1149.9999999999955,-1136.999999999999,848.9999999999886,-214.00000000000307,-727.9999999999944,-675.9999999999989,726.9999999999999,683.0000000000002,331.999999999999,-1680.0000000000068,285.99999999998624,641.999999999987,-942.9999999999978,987.0000000000045,1475.000000000004,1557.9999999999927,1085.9999999999986,1180.0000000000068,1061.9999999999977,224.000000000002,163.00000000000205,110.00000000001009,,3707.999999999961
2020.05.27,-535.999999999992,-1617.0000000000018,761.999999999996,39.00000000000148,-2078.0000000000023,1023.9999999999916,-1087.0000000000045,778.9999999999964,-188.9999999999947,-727.0000000000039,-676.9999999999943,618.0000000000074,539.0000000000006,315.9999999999941,-1693.000000000012,200.00000000000017,428.9999999999905,-902.000000000001,916.0000000000057,1289.9999999999911,1173.0000000000018,919.0000000000111,972.0000000000084,844.9999999999989,165.00000000000404,51.99999999999649,126.0000000000039,,1657.999999999992
2020.05.27,-507.9999999999973,-1509.999999999989,725.9999999999823,16.000000000005343,-1980.9999999999884,1021.9999999999895,-1011.0000000000064,766.9999999999843,-167.00000000000603,-706.9999999999936,-658.9999999999985,624.9999999999977,534.9999999999966,310.9999999999946,-1606.000000000023,257.99999999998045,485.99999999998647,-862.9999999999995,926.0000000000045,1293.9999999999952,1160.0000000000055,946.0000000000122,996.0000000000093,835.9999999999985,156.00000000000057,43.00000000000415,197.00000000000273,,2287.999999999948
2020.05.27,-532.9999999999945,-1597.0000000000039,741.9999999999982,-55.999999999997385,-2150.999999999992,1090.9999999999975,-1102.9999999999984,795.9999999999967,-170.00000000000347,-822.9999999999933,-722.9999999999959,707.000000000002,614.0000000000034,331.999999999999,-1771.000000000015,332.9999999999833,638.0000000000052,-966.9999999999987,1061.000000000001,1485.9999999999873,1392.9999999999998,1087.0000000000032,1142.00000000001,979.9999999999898,197.99999999999818,87.00000000000374,198.99999999999363,,2991.99999999998
2020.05.27,-533.99999999999,-1594.999999999991,715.9999999999833,-24.00000000000091,-2191.999999999994,1140.999999999992,-1107.999999999998,805.9999999999956,-151.00000000001222,-762.0000000000005,-729.9999999999973,756.0000000000011,655.0000000000056,348.9999999999993,-1695.0000000000216,436.9999999999985,794.9999999999901,-902.000000000001,1167.0000000000068,1644.000000000001,1526.9999999999895,1091.0000000000082,1177.0000000000068,994.9999999999903,200.99999999999562,71.99999999999429,225.99999999999287,,4061.9999999999427
2020.05.27,-483.0000000000001,-1502.9999999999877,627.9999999999841,21.000000000000796,-2054.0000000000005,1010.9999999999952,-1034.999999999997,804.9999999999891,-143.00000000000423,-667.0000000000016,-706.999999999991,667.0000000000065,594.0000000000057,356.00000000000074,-1558.0000000000211,385.99999999999744,548.9999999999995,-795.9999999999923,1128.000000000018,1441.9999999999877,1350.0000000000068,1013.0000000000052,1011.0000000000099,864.9999999999949,121.00000000000443,17.000000000000348,195.00000000001182,,3213.000000000023
2020.05.27,-453.99999999999886,-1519.0000000000036,596.9999999999809,52.00000000000671,-2041.9999999999882,1023.9999999999916,-1022.0000000000007,794.9999999999901,-117.00000000001154,-621.9999999999999,-722.9999999999959,680.0000000000028,612.9999999999969,392.00000000000347,-1577.0000000000266,369.99999999998147,557.9999999999918,-716.9999999999987,1192.0000000000152,1547.9999999999939,1499.9999999999902,1008.0000000000098,1017.0000000000101,882.9999999999956,132.99999999999423,48.000000000003595,195.00000000001182,,3811.9999999999454
2020.05.27,-450.9999999999903,-1527.9999999999961,636.9999999999986,46.999999999997044,-2110.9999999999964,1127.0000000000002,-1041.9999999999984,818.9999999999919,-124.00000000001299,-635.0000000000051,-751.9999999999972,773.0000000000015,665.0000000000044,387.99999999999943,-1589.000000000027,407.99999999998613,733.9999999999902,-741.9999999999902,1259.00000000001,1732.0000000000002,1608.9999999999939,1084.0000000000032,1157.0000000000107,965.999999999994,204.99999999999963,61.999999999995396,222.00000000001108,,4919.999999999974
2020.05.27,-447.99999999999284,-1505.0000000000007,634.9999999999856,28.000000000005798,-2170.9999999999895,1154.999999999995,-1070.0000000000043,817.000000000001,-143.00000000000423,-640.0000000000006,-787.9999999999998,800.0000000000007,687.9999999999998,380.999999999998,-1579.0000000000077,546.9999999999864,855.0000000000058,-763.9999999999958,1328.000000000018,1753.0000000000045,1658.0000000000039,1121.0000000000093,1185.0000000000023,993.9999999999998,182.99999999999983,59.99999999999339,225.99999999999287,,5306.000000000007
2020.05.27,-436.9999999999985,-1482.0000000000055,614.9999999999877,0.0,-2156.999999999987,1072.9999999999907,-1048.0000000000045,839.9999999999964,-154.0000000000097,-635.0000000000051,-806.999999999991,746.0000000000023,661.9999999999959,378.00000000000057,-1591.0000000000082,531.9999999999991,700.999999999996,-766.9999999999959,1324.000000000014,1639.999999999997,1573.9999999999866,1133.0000000000098,1133.0000000000098,975.9999999999991,109.00000000000354,9.00000000000345,202.9999999999976,,4569.9999999999845
2020.05.27,-403.99999999999324,-1483.9999999999964,581.9999999999936,-6.999999999990791,-2156.999999999987,1074.9999999999927,-1048.0000000000045,866.9999999999956,-151.00000000001222,-625.0,-808.9999999999931,760.0000000000051,665.0000000000044,397.99999999999835,-1596.0000000000036,555.9999999999787,717.9999999999964,-763.9999999999958,1356.0000000000016,1646.9999999999984,1556.0000000000018,1077.0000000000123,1082.0000000000077,916.9999999999874,99.00000000000463,-7.0000000000014495,211.00000000000563,,4514.0000000000055
2020.05.27,-403.99999999999324,-1489.9999999999914,568.9999999999973,16.000000000005343,-2127.9999999999964,1060.9999999999898,-1036.0000000000036,856.9999999999967,-131.99999999999878,-609.9999999999994,-797.9999999999987,755.0000000000057,661.0000000000005,404.0000000000044,-1587.0000000000175,530.9999999999926,703.9999999999935,-716.9999999999987,1351.0000000000132,1669.9999999999936,1568.9999999999982,1082.0000000000077,1070.999999999998,914.999999999992,104.00000000000409,0.999999999995449,171.00000000001003,,4590.0
2020.05.27,-418.9999999999916,-1490.999999999998,579.9999999999806,16.999999999995907,-2120.999999999995,1057.9999999999923,-1044.999999999996,869.999999999993,-133.00000000000534,-605.000000000004,-794.9999999999901,739.0000000000008,695.0000000000011,407.99999999999727,-1584.0000000000032,469.99999999999267,628.9999999999907,-718.9999999999941,1283.0000000000118,1629.9999999999982,1680.999999999999,1100.999999999999,1099.0000000000036,986.9999999999948,100.00000000000009,56.99999999999594,124.99999999999733,,4616.999999999967
2020.05.27,-458.9999999999983,-1604.0000000000055,608.9999999999928,-3.0000000000001137,-2137.9999999999955,1078.9999999999966,-1119.9999999999989,852.9999999999926,-138.0000000000159,-692.0000000000073,-774.9999999999924,741.9999999999982,687.0000000000043,400.00000000000034,-1728.0000000000086,383.99999999998437,615.9999999999943,-818.9999999999884,1275.0000000000039,1638.9999999999905,1651.9999999999868,1100.0000000000086,1122.0,1000.0,139.99999999999568,87.00000000000374,117.99999999999588,,4026.9999999999386
2020.05.27,-400.00000000000034,-1479.0000000000082,556.9999999999853,-18.000000000000682,-2073.999999999998,1057.9999999999923,-1056.9999999999968,806.99999999998,-178.99999999999582,-608.9999999999947,-794.9999999999901,748.9999999999997,694.0000000000057,339.0000000000004,-1576.0000000000218,449.9999999999948,635.9999999999922,-748.9999999999952,1280.0000000000146,1663.9999999999989,1651.9999999999868,1097.0000000000084,1118.000000000009,986.9999999999948,139.00000000000023,76.99999999999375,129.00000000000134,,4496.999999999956
2020.05.27,-423.9999999999911,-1480.999999999999,565.9999999999999,-4.9999999999954525,-2143.9999999999905,1056.9999999999968,-1105.0000000000005,735.9999999999811,-297.9999999999983,-638.0000000000052,-908.9999999999932,763.9999999999981,746.0000000000023,241.00000000000233,-1583.0000000000268,566.9999999999842,841.9999999999872,-804.000000000002,1289.0000000000068,1594.999999999991,1707.9999999999984,1066.0000000000025,1073.0000000000075,988.9999999999901,117.99999999999588,95.99999999999609,106.99999999999044,,4168.999999999927
2020.05.27,-247.99999999999267,-1297.999999999999,575.9999999999987,15.000000000000568,-2312.0000000000027,1076.9999999999945,-1129.0000000000023,871.9999999999839,-510.00000000001046,-403.99999999999636,-1083.9999999999961,896.000000000008,853.0000000000038,195.9999999999962,-1358.000000000004,824.9999999999868,1015.9999999999947,-780.0000000000011,1369.0000000000202,1681.9999999999834,1794.0000000000066,1137.0000000000005,1115.9999999999995,1029.9999999999868,105.99999999999498,83.9999999999952,73.99999999999629,,5594.999999999946
2020.05.27,-193.99999999999417,-1435.9999999999927,685.9999999999866,0.0,-2312.9999999999873,1145.9999999999914,-1263.9999999999984,937.9999999999944,-672.0000000000059,-350.9999999999991,-1174.9999999999927,987.0000000000045,968.9999999999976,119.99999999999788,-1536.0000000000014,829.9999999999974,1149.0,-959.9999999999937,1284.0000000000184,1649.999999999996,1797.9999999999884,1216.0000000000082,1200.0000000000027,1125.0,117.99999999999588,136.99999999999824,-21.999999999988695,,5430.000000000023
2020.05.27,-129.9999999999968,-1425.9999999999939,602.999999999998,-43.99999999999693,-2349.000000000001,1179.9999999999923,-1231.9999999999998,1105.9999999999848,-670.9999999999993,-338.99999999999864,-1206.9999999999914,1065.0000000000048,1056.9999999999968,241.00000000000233,-1525.0000000000057,856.9999999999967,1066.9999999999957,-863.9999999999901,1361.0000000000123,1749.0000000000005,1997.9999999999886,1228.0000000000086,1224.0000000000036,1177.9999999999973,114.99999999999844,163.99999999999747,-28.000000000005798,,6377.999999999998
2020.05.27,-158.99999999999804,-1370.0000000000045,385.99999999999744,-170.99999999999227,-2391.999999999994,1110.9999999999952,-1339.9999999999968,1073.9999999999973,-680.0000000000139,-459.0000000000032,-1293.9999999999952,1083.0000000000007,1100.000000000001,126.0000000000039,-1615.000000000009,975.9999999999991,1167.9999999999914,-1155.0000000000011,1288.0000000000002,1827.000000000001,2112.9999999999873,1274.000000000001,1251.0000000000048,1211.999999999989,87.00000000000374,139.00000000000023,-55.99999999998939,,5523.999999999975
2020.05.27,-230.99999999999233,-1672.0000000000068,806.99999999998,-173.00000000000182,-2566.999999999986,1247.9999999999936,-1366.999999999996,947.9999999999933,-1088.0,-545.0000000000017,-1260.99999999999,1109.9999999999998,1122.0000000000007,-9.999999999998899,-1945.0000000000216,695.9999999999856,1140.999999999992,-1643.0000000000007,894.000000000017,1453.9999999999998,1520.9999999999945,1416.000000000011,1434.0000000000118,1394.999999999996,182.00000000000438,209.9999999999991,-41.000000000002146,,3034.999999999981
2020.05.27,-222.99999999999542,-1824.0000000000034,1131.9999999999998,-171.99999999999704,-2624.000000000004,1380.9999999999989,-1429.0000000000025,1222.9999999999964,-1103.0000000000095,-564.0000000000072,-1233.9999999999907,1211.0000000000066,1173.0000000000018,-70.99999999999883,-2092.0000000000127,692.9999999999881,1190.9999999999866,-1661.9999999999918,860.0000000000163,1434.000000000002,1594.999999999991,1501.0000000000048,1566.0000000000025,1478.999999999999,251.00000000000122,241.00000000000233,39.00000000001125,,3971.999999999995
2020.05.27,-243.99999999999977,-1689.0000000000073,1203.999999999983,-168.99999999999693,-2551.9999999999986,1371.9999999999955,-1407.9999999999982,1274.9999999999818,-1062.0000000000073,-600.9999999999991,-1202.9999999999984,1192.9999999999995,1175.9999999999993,-36.999999999998145,-1995.0000000000045,785.9999999999978,1282.0000000000055,-1680.9999999999973,860.0000000000163,1383.9999999999852,1571.9999999999957,1499.0000000000095,1565.0000000000118,1485.99999999999,241.99999999999778,270.99999999999903,1.0000000000065512,,4526.999999999969
2020.05.27,-194.99999999998963,-1692.0000000000045,1176.9999999999836,-231.99999999999932,-2560.999999999991,1308.9999999999934,-1395.9999999999973,1261.000000000001,-1102.000000000003,-554.000000000002,-1233.9999999999907,1182.0000000000052,1188.0000000000002,-70.99999999999883,-2028.00000000002,717.9999999999964,1205.999999999996,-1705.9999999999889,905.0000000000002,1324.9999999999984,1645.9999999999918,1507.000000000005,1536.0000000000014,1512.0000000000005,182.99999999999983,278.9999999999959,-53.999999999998494,,4108.999999999985
2020.05.27,-178.99999999999582,-1543.9999999999898,1186.9999999999825,-271.0000000000008,-2591.999999999994,1199.99999999999,-1378.9999999999968,1110.9999999999952,-1166.0000000000005,-626.9999999999953,-1264.9999999999939,1034.0000000000016,1077.0000000000057,-155.00000000000514,-1984.0000000000089,954.9999999999948,1055.000000000006,-1787.9999999999968,872.0000000000061,1035.9999999999925,1378.9999999999968,1541.000000000011,1444.0000000000027,1434.9999999999882,46.00000000000159,166.99999999999494,-73.99999999999629,,2514.999999999996
2020.05.27,-156.99999999999602,-1424.9999999999875,829.9999999999974,-325.9999999999934,-2482.999999999991,1006.9999999999912,-1256.0000000000016,818.9999999999919,-1038.0000000000057,-638.0000000000052,-1247.9999999999936,892.9999999999993,1000.9999999999964,-275.000000000003,-1870.0000000000045,1021.9999999999895,1019.9999999999986,-1709.9999999999936,884.0000000000181,818.9999999999919,1299.99999999999,1483.000000000004,1282.0000000000107,1321.9999999999886,-214.00000000000307,0.999999999995449,-168.99999999999693,,873.9999999999872
2020.05.27,-187.9999999999993,-1207.0000000000025,984.9999999999915,-353.9999999999992,-2547.9999999999945,864.9999999999935,-1229.9999999999977,848.9999999999886,-1029.9999999999975,-682.0000000000022,-1211.999999999991,792.0000000000039,928.0000000000066,-287.9999999999994,-1663.000000000011,1285.9999999999873,743.0000000000048,-1740.9999999999995,897.9999999999987,504.9999999999999,974.9999999999925,1468.0000000000036,1132.000000000005,1212.9999999999939,-251.00000000000122,-31.999999999998696,-170.00000000000347,,42.999999999972744
2020.05.27,-130.99999999999224,-1113.0000000000084,975.9999999999991,-387.00000000000045,-2323.9999999999927,733.9999999999902,-1053.0000000000039,780.9999999999873,-1018.0000000000077,-671.0000000000065,-1144.999999999996,643.0000000000047,800.9999999999961,-307.0000000000017,-1612.0000000000232,1168.9999999999977,442.9999999999934,-1649.9999999999914,792.0000000000149,217.0000000000005,760.9999999999894,1432.0000000000023,983.0000000000041,1140.0000000000005,-411.0000000000058,-109.00000000000354,-270.99999999999903,,-1330.0000000000512
2020.05.27,-105.99999999999498,-998.9999999999943,864.9999999999825,-298.0000000000018,-2312.9999999999873,469.99999999999267,-973.999999999997,640.9999999999804,-967.0000000000067,-524.0000000000009,-1162.9999999999918,394.00000000000546,607.0000000000019,-331.0000000000035,-1383.0000000000098,995.9999999999969,-60.99999999999994,-1513.999999999996,628.0000000000064,-302.0000000000023,326.9999999999884,1147.0000000000055,606.9999999999993,794.9999999999875,-597.9999999999985,-239.99999999999577,-374.999999999992,,-4671.000000000026
2020.05.27,-239.0000000000003,-1038.99999999999,912.999999999986,-236.0000000000042,-2099.0000000000064,486.999999999993,-929.000000000002,446.9999999999974,-907.9999999999977,-629.9999999999955,-936.999999999999,394.00000000000546,629.0000000000018,-522.0000000000002,-1372.000000000014,1025.9999999999936,-68.00000000000139,-1590.999999999994,497.0000000000141,-295.0000000000008,353.0000000000033,1168.0000000000064,639.00000000001,867.999999999995,-544.9999999999955,-165.00000000000404,-374.999999999992,,-4528.99999999999
2020.05.27,-257.9999999999916,-815.9999999999945,760.9999999999894,-286.00000000000136,-1940.9999999999927,454.9999999999943,-826.0000000000045,218.99999999999142,-839.9999999999964,-676.0000000000019,-831.9999999999994,268.0000000000016,512.9999999999968,-558.000000000003,-1112.0000000000232,1218.9999999999923,246.99999999999721,-1515.0000000000005,388.0000000000106,-446.0000000000131,211.00000000000563,1045.0000000000018,582.9999999999984,796.999999999997,-524.0000000000023,-170.00000000000347,-339.0000000000004,,-4433.000000000051
2020.05.27,-197.99999999999818,-534.9999999999966,697.9999999999986,-310.99999999999284,-1987.0000000000055,464.9999999999932,-795.0000000000013,159.99999999998238,-645.0000000000067,-659.000000000006,-929.9999999999975,346.0000000000019,573.9999999999967,-505.99999999999534,-854.0000000000134,1505.9999999999852,506.9999999999908,-1263.999999999996,714.999999999999,-140.0000000000068,519.9999999999872,1143.0000000000007,666.000000000011,852.9999999999944,-607.0000000000019,-273.000000000001,-339.0000000000004,,-1890.0000000000782
2020.05.27,-172.99999999998983,-612.9999999999969,599.9999999999783,-283.9999999999918,-2096.999999999993,373.99999999999653,-772.000000000006,238.99999999998923,-648.0000000000041,-608.0000000000041,-1013.9999999999927,270.99999999999903,492.0000000000035,-453.99999999999886,-954.0000000000077,1638.9999999999905,251.00000000000122,-1277.9999999999916,906.0000000000068,-333.0000000000055,293.99999999999426,1231.9999999999993,567.0000000000073,756.0000000000002,-744.0000000000002,-392.9999999999989,-326.0000000000041,,-3070.0000000000186
2020.05.27,-244.99999999999523,-766.0,718.9999999999808,-239.00000000000432,-2146.0000000000036,580.9999999999982,-856.9999999999967,337.99999999999386,-578.9999999999961,-611.0000000000042,-966.9999999999957,452.00000000000796,597.0000000000031,-331.999999999999,-1028.00000000002,1550.9999999999914,595.9999999999966,-1207.9999999999984,1014.0000000000038,236.99999999999832,741.9999999999982,1279.0000000000105,766.0000000000053,878.0000000000001,-543.0000000000045,-265.99999999999955,-211.99999999998997,,-249.00000000001907
2020.05.27,-231.99999999999886,-744.9999999999957,766.0,-188.0000000000024,-2130.999999999994,617.9999999999964,-812.0000000000016,353.99999999998766,-578.9999999999961,-605.000000000004,-945.9999999999912,440.00000000000705,597.0000000000031,-314.99999999999864,-991.0000000000139,1516.9999999999907,492.9999999999879,-1164.999999999992,1060.0000000000164,207.99999999998596,719.000000000003,1271.000000000001,762.0000000000005,881.0000000000002,-519.9999999999983,-258.9999999999981,-221.00000000000452,,-23.000000000009578
2020.05.27,-285.9999999999974,-804.0000000000047,731.9999999999993,-182.00000000000216,-2099.999999999991,541.9999999999981,-843.0000000000049,356.00000000000074,-581.0000000000093,-625.0,-918.999999999992,357.00000000000733,544.0,-314.99999999999864,-1036.0000000000014,1417.999999999986,441.99999999998687,-1206.9999999999936,936.0000000000035,127.99999999999478,570.0000000000039,1195.0000000000073,678.0000000000115,789.999999999992,-548.9999999999995,-260.00000000000466,-204.00000000000418,,-1223.000000000012
2020.05.27,-309.99999999999915,-851.0000000000017,861.999999999985,-131.00000000000023,-2105.0000000000014,655.9999999999899,-861.0000000000007,349.99999999998363,-571.0000000000103,-631.0000000000002,-864.9999999999935,436.9999999999985,565.9999999999999,-319.99999999999807,-1042.0000000000016,1339.9999999999857,546.9999999999864,-1238.99999999999,865.0000000000047,205.99999999999508,628.0000000000064,1195.0000000000073,759.0000000000003,845.9999999999894,-424.00000000000216,-199.00000000000472,-184.00000000000637,,-476.0000000000785
2020.05.27,-297.9999999999983,-852.9999999999926,906.9999999999911,-179.9999999999926,-2153.000000000005,724.9999999999978,-873.999999999997,395.99999999999636,-615.00000000001,-643.0000000000007,-918.999999999992,479.0000000000072,604.0000000000045,-341.0000000000024,-1087.0000000000175,1429.999999999998,638.9999999999895,-1263.999999999996,893.0000000000105,249.99999999999466,604.9999999999889,1249.0000000000095,843.0000000000035,884.0000000000003,-400.00000000000034,-238.0000000000049,-146.00000000000168,,-107.00000000001896
2020.05.27,-254.99999999999412,-845.0000000000068,897.9999999999987,-158.99999999999181,-2143.000000000006,718.9999999999918,-848.9999999999998,404.9999999999887,-663.0000000000135,-593.9999999999941,-936.999999999999,519.0000000000028,584.0000000000067,-334.9999999999964,-1083.0000000000268,1423.999999999981,693.9999999999947,-1248.9999999999952,929.000000000002,295.0000000000008,600.9999999999849,1253.0,847.0000000000084,882.9999999999956,-400.9999999999958,-241.00000000000233,-92.99999999998754,,203.999999999946
2020.05.27,-222.99999999999542,-834.0000000000014,921.9999999999784,-176.9999999999925,-2210.999999999985,709.9999999999995,-866.0000000000001,474.999999999981,-692.0000000000038,-587.9999999999939,-977.99999999999,538.0000000000051,575.0000000000033,-334.9999999999964,-1108.000000000004,1450.99999999998,661.0000000000005,-1322.9999999999932,955.0000000000169,265.0000000000041,628.9999999999907,1284.000000000006,847.999999999999,907.999999999987,-424.00000000000216,-234.00000000000088,-130.0000000000079,,97.99999999998553
2020.05.27,-281.99999999999335,-916.0000000000057,965.999999999978,-203.99999999999352,-2323.9999999999927,735.9999999999923,-911.0000000000063,464.9999999999821,-717.000000000012,-649.0000000000009,-1027.9999999999957,536.9999999999986,634.0000000000013,-370.9999999999991,-1185.0000000000023,1460.999999999979,638.9999999999895,-1415.9999999999968,923.0000000000072,241.99999999998667,592.9999999999991,1315.0000000000118,881.0000000000002,939.9999999999977,-414.00000000000324,-229.00000000000142,-109.99999999998789,,-424.0000000000669
2020.05.27,-230.99999999999233,-855.9999999999901,1018.9999999999922,-248.00000000000466,-2370.99999999999,809.9999999999997,-929.000000000002,486.999999999993,-750.0000000000063,-662.0000000000061,-1049.0,614.0000000000034,700.999999999996,-377.0000000000051,-1195.0000000000216,1539.999999999986,855.9999999999901,-1453.9999999999936,906.0000000000068,351.99999999999676,710.999999999995,1402.000000000001,993.0000000000092,1039.999999999992,-424.00000000000216,-236.99999999999832,-124.99999999999733,,522.9999999999518
2020.05.27,-290.9999999999968,-914.9999999999991,1045.9999999999914,-250.0,-2417.0000000000023,823.9999999999914,-994.000000000006,478.0000000000006,-767.0000000000066,-689.0000000000072,-1043.9999999999893,624.9999999999977,478.0000000000006,-404.99999999999983,-1219.9999999999989,1503.9999999999943,873.999999999997,-1512.999999999991,861.0000000000007,326.9999999999884,678.0000000000008,1394.0000000000055,1021.0000000000008,1074.9999999999886,-365.0000000000042,-162.0000000000066,-137.9999999999937,,14.999999999957652
2020.05.28,-322.00000000000006,-882.000000000005,1006.9999999999801,-177.99999999999727,-2432.9999999999964,860.9999999999895,-980.0000000000031,437.99999999998283,-788.0000000000109,-628.0000000000001,-1128.9999999999911,624.0000000000023,597.9999999999985,-404.99999999999983,-1154.0000000000248,1655.999999999991,1018.9999999999922,-1470.9999999999895,933.000000000006,448.000000000004,748.9999999999997,1353.0000000000086,1030.0000000000011,928.9999999999878,-404.99999999999983,-322.00000000000006,-222.99999999999542,,324.9999999999311
2020.05.28,-290.9999999999968,-899.0000000000053,1088.9999999999845,-164.99999999999204,-2482.0000000000064,849.9999999999952,-973.999999999997,455.99999999998977,-809.9999999999997,-653.0000000000058,-1045.9999999999914,582.0000000000048,682.0000000000048,-416.00000000000523,-1173.0000000000018,1603.9999999999832,892.9999999999883,-1483.9999999999945,927.0000000000111,339.0000000000004,673.9999999999968,1410.000000000011,1001.0000000000048,1018.0000000000007,-402.9999999999978,-260.00000000000466,-192.99999999999872,,275.9999999999761
2020.05.28,-285.9999999999974,-896.9999999999923,1098.9999999999834,-182.00000000000216,-2366.0000000000014,834.9999999999968,-968.0000000000022,472.9999999999901,-761.999999999996,-662.0000000000061,-1011.9999999999907,595.0000000000011,689.0000000000063,-402.00000000000233,-1181.0000000000116,1593.0,841.0000000000028,-1479.9999999999898,903.0000000000093,287.9999999999994,622.9999999999958,1398.0000000000105,999.0000000000094,1019.999999999996,-385.000000000002,-234.00000000000088,-170.00000000000347,,369.0000000000022
2020.05.28,-275.99999999999847,-913.9999999999926,1110.9999999999952,-218.9999999999941,-2339.0000000000023,819.9999999999985,-961.9999999999961,490.999999999997,-809.0000000000152,-695.999999999998,-999.9999999999898,585.0000000000022,682.0000000000048,-421.0000000000047,-1249.0000000000236,1571.9999999999957,801.0000000000073,-1558.9999999999975,852.0000000000083,254.999999999983,611.000000000006,1408.0000000000014,980.000000000004,1018.0000000000007,-395.99999999999636,-200.00000000000017,-134.99999999999625,,10.999999999997783
2020.05.28,-308.9999999999926,-966.0000000000002,1170.9999999999886,-212.0000000000033,-2393.000000000001,849.9999999999952,-997.9999999999989,483.99999999999557,-809.9999999999997,-719.9999999999989,-1003.9999999999937,605.0,714.999999999999,-436.9999999999985,-1285.000000000025,1543.9999999999898,851.9999999999861,-1575.9999999999934,823.0000000000182,236.99999999999832,604.9999999999889,1431.0000000000116,1033.0000000000014,1080.9999999999889,-355.0000000000053,-172.00000000000549,-124.99999999999733,,68.99999999994915
2020.05.28,-283.99999999999534,-936.0000000000035,1178.9999999999968,-260.9999999999957,-2353.9999999999895,840.9999999999917,-980.0000000000031,486.999999999993,-836.0000000000146,-743.9999999999998,-1001.9999999999918,601.000000000007,711.000000000006,-451.9999999999969,-1320.0000000000216,1532.0,838.9999999999898,-1650.9999999999964,764.0000000000091,182.99999999999983,567.9999999999907,1405.0000000000011,1023.0000000000103,1072.9999999999932,-336.00000000000296,-177.00000000000495,-134.99999999999625,,-262.00000000002314
2020.05.28,-278.00000000000045,-937.9999999999944,1142.999999999983,-341.99999999999875,-2397.999999999989,876.9999999999944,-1031.9999999999995,512.0000000000014,-838.0000000000055,-790.0000000000063,-1040.999999999992,648.9999999999995,744.0000000000002,-453.0000000000034,-1394.0000000000055,1594.999999999991,956.0000000000013,-1691.0000000000025,836.9999999999989,312.00000000000114,652.9999999999925,1478.999999999999,1100.0000000000086,1128.9999999999907,-324.9999999999975,-160.00000000000458,-87.99999999999919,,217.9999999999635
2020.05.28,-300.99999999999574,-974.9999999999925,1200.9999999999854,-335.9999999999985,-2500.9999999999977,900.9999999999962,-1039.0000000000011,499.9999999999893,-937.9999999999944,-832.9999999999984,-1078.9999999999966,653.999999999999,753.9999999999991,-495.9999999999964,-1452.0000000000266,1634.9999999999864,1012.9999999999973,-1833.999999999989,829.0000000000131,331.999999999999,602.999999999998,1537.0000000000061,1144.0000000000055,1161.9999999999918,-346.0000000000019,-217.99999999999596,-107.99999999999699,,-191.00000000001506
2020.05.28,-272.99999999998994,-973.0000000000016,1204.9999999999893,-310.99999999999284,-2488.0000000000014,816.99999999999,-1014.9999999999992,520.9999999999936,-950.0000000000064,-778.0000000000058,-1078.9999999999966,596.0000000000076,702.0000000000026,-494.00000000000557,-1422.0000000000255,1613.999999999982,794.9999999999901,-1808.9999999999975,822.0000000000116,109.00000000000354,419.9999999999982,1484.0000000000089,1026.0000000000105,1056.999999999988,-419.9999999999982,-243.00000000000432,-103.99999999999298,,-1191.0000000000407
2020.05.28,-342.9999999999933,-1046.999999999998,1246.9999999999982,-274.0000000000009,-2560.999999999991,913.9999999999926,-1039.0000000000011,530.9999999999926,-941.9999999999984,-784.000000000006,-1106.9999999999914,668.0000000000019,717.9999999999964,-504.9999999999999,-1395.0000000000102,1674.999999999982,987.0000000000045,-1810.0000000000023,814.0000000000036,276.9999999999939,436.9999999999985,1543.0000000000064,1133.0000000000098,1114.999999999995,-377.0000000000051,-275.000000000003,-72.99999999998974,,-473.000000000014
2020.05.28,-311.99999999999005,-1002.9999999999983,1238.99999999999,-310.0000000000023,-2506.9999999999927,924.9999999999981,-1027.9999999999957,535.9999999999809,-931.9999999999995,-801.0000000000019,-1062.9999999999918,692.9999999999992,739.0000000000008,-495.9999999999964,-1421.0000000000207,1637.9999999999839,1031.000000000004,-1805.9999999999973,815.0000000000101,326.0000000000041,496.99999999999187,1536.0000000000014,1170.0000000000018,1143.9999999999914,-300.99999999999574,-216.0000000000051,-21.999999999988695,,70.99999999998002
2020.05.28,-256.99999999999613,-963.0000000000027,1192.9999999999995,-314.9999999999977,-2421.0000000000064,853.9999999999992,-990.9999999999974,553.9999999999878,-914.9999999999991,-763.9999999999958,-1054.9999999999948,645.0000000000067,721.000000000005,-483.0000000000001,-1412.0000000000061,1582.9999999999789,885.9999999999868,-1732.99999999999,800.0000000000007,221.99999999998886,461.0000000000003,1517.00000000001,1111.000000000004,1108.9999999999945,-351.0000000000013,-219.99999999999798,-72.99999999998974,,-297.0000000000136
2020.05.28,-269.9999999999925,-971.9999999999951,1214.9999999999884,-293.99999999999693,-2376.0000000000005,833.9999999999903,-995.9999999999969,559.9999999999827,-902.0000000000028,-760.9999999999957,-1028.9999999999911,592.0000000000036,741.0000000000027,-458.9999999999983,-1388.0000000000052,1526.9999999999895,781.9999999999939,-1728.999999999999,767.0000000000066,105.99999999998388,526.0000000000042,1484.0000000000089,1062.0000000000118,1134.999999999991,-392.00000000000347,-175.00000000000293,-157.99999999999147,,-570.0000000000144
2020.05.28,-246.99999999999721,-934.9999999999969,1137.9999999999945,-283.00000000000125,-2300.9999999999973,673.9999999999968,-956.9999999999967,463.9999999999977,-880.0000000000141,-736.0000000000042,-999.9999999999898,472.00000000000574,687.0000000000043,-478.9999999999961,-1350.999999999999,1457.9999999999816,526.0000000000042,-1683.9999999999975,710.0000000000106,-140.0000000000068,436.9999999999985,1365.000000000009,861.0000000000042,1035.9999999999873,-495.000000000001,-197.00000000000273,-280.9999999999979,,-2138.0000000000036
2020.05.28,-243.99999999999977,-846.9999999999977,1101.9999999999807,-236.0000000000042,-2217.0000000000023,586.9999999999931,-905.0000000000002,455.99999999998977,-826.0000000000156,-683.0000000000069,-958.9999999999987,392.9999999999989,656.000000000001,-485.99999999999756,-1193.000000000012,1459.9999999999945,302.0000000000023,-1570.999999999998,676.0000000000099,-341.99999999999784,404.0000000000044,1328.000000000003,768.0000000000007,981.9999999999993,-585.0000000000022,-190.00000000000128,-385.99999999999744,,-2556.0000000000523
2020.05.28,-239.99999999999577,-835.000000000008,1106.9999999999914,-280.9999999999917,-2202.9999999999995,581.9999999999936,-951.0000000000018,432.9999999999945,-828.0000000000065,-721.0000000000036,-954.9999999999948,392.00000000000347,673.0000000000014,-485.99999999999756,-1243.0000000000234,1500.9999999999968,293.99999999999426,-1612.9999999999995,693.0000000000102,-345.0000000000175,459.99999999999375,1347.999999999999,768.0000000000007,1018.0000000000007,-590.999999999997,-156.00000000000057,-402.9999999999978,,-2582.0000000000555
2020.05.28,-246.99999999999721,-883.9999999999959,1101.9999999999807,-286.9999999999919,-2256.9999999999977,662.9999999999914,-995.9999999999969,458.9999999999872,-839.0000000000119,-739.0000000000043,-972.9999999999906,470.9999999999992,719.000000000003,-475.0000000000032,-1285.000000000025,1495.9999999999861,536.9999999999875,-1643.0000000000007,706.0000000000066,-141.00000000001333,587.0000000000042,1362.000000000009,868.9999999999998,1075.9999999999934,-477.0000000000052,-102.99999999999754,-350.9999999999902,,-1650.0000000000757
2020.05.28,-267.99999999999045,-916.0000000000057,1145.9999999999804,-308.9999999999975,-2278.999999999987,761.999999999996,-1014.0000000000038,493.99999999999443,-866.0000000000113,-778.9999999999964,-978.9999999999966,536.9999999999986,746.0000000000023,-475.99999999999864,-1347.0000000000084,1493.9999999999952,636.9999999999986,-1703.9999999999936,701.0000000000183,-16.000000000016,609.9999999999994,1441.0000000000025,983.0000000000041,1143.0000000000007,-429.0000000000016,-97.9999999999981,-299.00000000000483,,-1085.000000000018
2020.05.28,-310.9999999999946,-1092.9999999999884,1134.999999999997,-331.00000000000307,-2437.9999999999845,773.9999999999969,-1172.0000000000064,495.000000000001,-973.0000000000016,-823.9999999999981,-1040.999999999992,553.999999999999,768.9999999999975,-446.9999999999974,-1549.0000000000066,1427.9999999999848,736.0000000000033,-1839.999999999989,720.0000000000095,106.99999999999044,763.0000000000026,1430.0000000000068,1004.0000000000049,1172.9999999999877,-385.000000000002,-56.0000000000005,-300.99999999999574,,-1672.9999999999786
2020.05.28,-311.99999999999005,-1089.999999999991,1201.999999999992,-299.99999999999716,-2498.0,866.9999999999956,-1153.9999999999995,562.9999999999802,-931.9999999999995,-811.9999999999976,-1065.999999999989,636.0000000000032,806.0000000000067,-456.9999999999963,-1519.0000000000055,1509.999999999989,801.0000000000073,-1778.9999999999964,782.000000000016,187.99999999998818,754.9999999999945,1513.0000000000052,1096.0000000000036,1205.9999999999889,-383.99999999999545,-99.00000000000463,-296.9999999999917,,-773.999999999982
2020.05.28,-292.9999999999988,-1056.9999999999968,1061.9999999999852,-307.9999999999927,-2431.9999999999895,772.9999999999903,-1066.9999999999957,543.999999999989,-883.9999999999959,-754.0000000000049,-1074.9999999999927,573.0000000000013,722.0000000000005,-446.9999999999974,-1469.9999999999989,1385.9999999999984,543.0000000000045,-1692.9999999999977,834.0000000000014,156.00000000000057,655.9999999999899,1428.0000000000114,984.0000000000089,1093.999999999994,-429.0000000000016,-160.00000000000458,-217.0000000000005,,-1530.9999999999923
2020.05.28,-192.99999999999872,-1044.0000000000005,1006.9999999999801,-313.99999999999295,-2344.9999999999973,766.0,-997.0000000000034,717.9999999999964,-975.9999999999991,-679.000000000002,-1142.999999999994,667.0000000000065,802.0000000000027,-383.0,-1484.0000000000089,1391.9999999999932,530.9999999999926,-1623.9999999999952,900.0000000000119,217.99999999998488,712.9999999999859,1457.0000000000077,996.0000000000093,1101.9999999999895,-429.0000000000016,-170.00000000000347,-217.0000000000005,,-729.0000000000375
2020.05.28,-139.99999999999568,-974.0000000000082,963.999999999987,-296.99999999999704,-2302.000000000004,639.9999999999961,-968.9999999999976,618.9999999999918,-946.0000000000024,-582.9999999999984,-1105.999999999996,550.000000000006,722.0000000000005,-399.0000000000049,-1372.000000000014,1377.9999999999905,449.9999999999948,-1571.9999999999886,811.0000000000061,-11.00000000000545,523.9999999999911,1341.9999999999986,849.0000000000038,978.9999999999992,-487.0000000000041,-207.99999999999707,-224.000000000002,,-1762.000000000049
2020.05.28,-127.99999999999478,-858.0000000000032,964.9999999999936,-292.0000000000016,-2088.9999999999854,645.999999999991,-890.9999999999974,618.9999999999918,-910.9999999999951,-603.9999999999992,-1031.9999999999995,560.0000000000049,729.9999999999973,-407.99999999999727,-1269.0000000000055,1329.9999999999868,425.99999999999307,-1518.9999999999914,690.0000000000128,-26.0000000000149,540.9999999999915,1322.0000000000027,855.000000000004,983.9999999999947,-460.00000000000483,-182.00000000000438,-259.9999999999936,,-1261.0000000000232
2020.05.28,-210.99999999999451,-1120.9999999999943,967.9999999999911,-262.00000000000045,-2341.9999999999995,709.9999999999995,-1078.9999999999966,576.9999999999831,-927.0000000000111,-593.9999999999941,-1063.9999999999982,596.0000000000076,743.0000000000048,-402.9999999999978,-1427.000000000021,1210.9999999999843,592.9999999999991,-1570.999999999998,747.0000000000088,143.99999999998857,641.0000000000027,1305.0000000000068,912.0000000000061,1021.9999999999914,-363.99999999999767,-106.00000000000608,-208.99999999999253,,-1511.0000000000284
2020.05.28,-192.99999999999872,-1109.0000000000043,1105.9999999999848,-182.99999999999272,-2340.999999999993,805.9999999999956,-1078.0000000000011,591.9999999999925,-934.9999999999969,-558.9999999999975,-1063.9999999999982,672.0000000000059,809.0000000000042,-446.00000000000193,-1396.000000000015,1305.0000000000007,767.0000000000066,-1515.0000000000005,693.0000000000102,198.99999999999363,690.9999999999972,1309.0000000000118,966.9999999999987,1068.9999999999884,-312.9999999999966,-60.99999999999994,-208.99999999999253,,-416.9999999999983
2020.05.28,-192.99999999999872,-896.000000000008,1006.9999999999801,-212.0000000000033,-2225.9999999999945,783.9999999999958,-997.9999999999989,437.99999999998283,-1061.000000000001,-572.0000000000027,-1163.9999999999984,634.0000000000013,775.9999999999989,-541.0000000000026,-1165.0000000000205,1485.9999999999873,892.9999999999883,-1503.9999999999907,745.0000000000178,177.99999999998929,672.9999999999902,1317.0000000000073,953.000000000003,1050.9999999999877,-339.0000000000004,-95.99999999999609,-194.0000000000053,,-226.00000000009112
2020.05.28,-118.99999999999133,-814.0000000000036,1054.9999999999836,-227.00000000000387,-2210.999999999985,751.9999999999972,-978.0000000000011,537.9999999999941,-1018.0000000000077,-510.9999999999957,-1092.9999999999995,641.9999999999982,795.9999999999967,-558.000000000003,-1134.0000000000146,1508.9999999999825,801.0000000000073,-1515.0000000000005,724.0000000000135,123.99999999999079,646.9999999999976,1321.0000000000123,926.0000000000019,1040.9999999999968,-390.0000000000015,-80.00000000000229,-256.99999999999613,,-29.000000000032514
2020.05.28,-117.99999999999588,-851.0000000000017,1047.9999999999823,-215.0000000000034,-2313.9999999999936,805.9999999999956,-1039.9999999999966,574.9999999999922,-1017.0000000000013,-495.00000000000455,-1136.999999999999,735.0000000000078,880.9999999999984,-558.9999999999984,-1150.0000000000057,1573.9999999999866,985.999999999998,-1501.9999999999955,769.0000000000197,226.99999999999943,767.0000000000066,1365.9999999999995,987.000000000009,1105.9999999999945,-343.9999999999999,-78.99999999999574,-221.99999999998886,,784.0000000000095
2020.05.28,-127.99999999999478,-948.9999999999999,1077.999999999979,-201.99999999999818,-2387.99999999999,863.9999999999981,-1090.000000000002,631.9999999999882,-1043.0000000000161,-503.0000000000001,-1138.99999999999,746.9999999999976,895.9999999999968,-473.0000000000012,-1228.0000000000086,1564.999999999994,1008.9999999999932,-1583.999999999989,799.0000000000164,310.9999999999946,811.0000000000061,1371.0000000000093,1047.0000000000114,1143.0000000000007,-304.00000000000426,-58.000000000002494,-205.99999999999508,,977.9999999999928
2020.05.28,-114.99999999999844,-1080.9999999999986,1105.9999999999848,-237.99999999999955,-2340.999999999993,869.999999999993,-1085.0000000000027,683.9999999999957,-1055.000000000006,-486.0000000000042,-1137.9999999999945,750.0000000000063,872.0000000000061,-446.00000000000193,-1392.0000000000243,1278.9999999999857,797.0000000000033,-1581.9999999999936,712.0000000000015,329.00000000000153,834.0000000000014,1326.0000000000077,1040.0000000000064,1112.9999999999995,-309.99999999999915,-58.99999999999794,-479.0000000000072,,-95.00000000002842
2020.05.28,-234.99999999999633,-1157.9999999999923,1121.9999999999786,-256.0000000000002,-2336.999999999989,849.9999999999952,-1161.000000000001,687.9999999999998,-1059.00000000001,-664.0000000000015,-1084.9999999999916,756.0000000000011,872.0000000000061,-436.9999999999985,-1524.000000000001,1254.9999999999839,870.9999999999995,-1754.9999999999955,616.0000000000165,290.9999999999968,804.9999999999891,1329.0000000000077,1038.000000000011,1162.9999999999968,-304.9999999999997,-33.000000000005244,-295.0000000000008,,-648.0000000000011
2020.05.28,-253.99999999999866,-1330.0000000000089,1259.9999999999945,-224.00000000000375,-2441.9999999999886,1021.9999999999895,-1268.999999999998,811.9999999999905,-1164.0000000000095,-647.0000000000056,-1110.9999999999952,866.0000000000001,968.0000000000022,-419.9999999999982,-1657.0000000000107,1091.9999999999818,1080.9999999999986,-1820.999999999998,577.0000000000052,472.9999999999901,907.9999999999977,1423.0000000000018,1224.0000000000036,1279.9999999999868,-102.00000000000209,93.99999999999409,-147.99999999999258,,490.9999999999276
2020.05.28,-292.9999999999988,-1289.9999999999911,1356.999999999986,-216.99999999999875,-2384.9999999999927,1061.9999999999964,-1236.9999999999993,723.9999999999914,-1129.0000000000023,-686.000000000007,-1068.9999999999977,873.0000000000016,866.0000000000001,-470.9999999999992,-1600.0000000000227,966.0000000000002,1120.9999999999943,-1829.9999999999982,287.9999999999994,479.99999999999153,617.0000000000009,1282.0000000000107,1249.0000000000095,1189.9999999999977,78.99999999999574,121.99999999999989,-113.00000000000753,,-44.0000000000401
2020.05.28,-444.9999999999954,-1354.999999999995,1346.999999999987,-227.99999999999443,-2271.999999999985,1067.9999999999911,-1268.999999999998,649.999999999995,-1106.000000000007,-822.0000000000027,-946.9999999999978,785.9999999999978,899.0000000000053,-511.0000000000059,-1647.0000000000198,876.9999999999944,1038.99999999999,-1965.999999999994,179.00000000001802,327.99999999999494,736.0000000000033,1281.000000000006,1240.000000000009,1283.9999999999918,76.99999999999375,241.00000000000233,-151.9999999999966,,-688.0000000000118
2020.05.28,-567.9999999999907,-1632.9999999999955,1503.9999999999943,-156.99999999999648,-2425.999999999995,1120.9999999999943,-1356.0000000000016,665.9999999999889,-1072.0000000000064,-903.0000000000058,-905.9999999999957,802.0000000000027,904.0000000000048,-511.0000000000059,-1850.999999999999,685.9999999999866,997.9999999999878,-1941.9999999999932,202.00000000001327,331.999999999999,744.9999999999957,1329.0000000000077,1279.0000000000105,1318.9999999999884,68.99999999999685,234.99999999999633,-143.99999999998857,,-1278.0000000000061
2020.05.28,-605.9999999999955,-1607.000000000003,1547.9999999999939,-111.0000000000042,-2402.9999999999995,1231.9999999999998,-1375.9999999999995,665.9999999999889,-997.0000000000034,-947.9999999999933,-866.9999999999956,787.0000000000043,851.0000000000017,-390.99999999999693,-1833.0000000000268,564.9999999999933,1015.9999999999947,-1955.9999999999889,53.999999999998494,568.9999999999973,831.000000000004,1268.0000000000007,1374.0000000000095,1365.9999999999995,187.00000000000384,331.999999999999,-114.99999999999844,,-564.0000000000165
2020.05.28,-662.9999999999914,-1524.9999999999986,1552.9999999999823,-134.9999999999909,-2278.0000000000023,1224.9999999999984,-1327.999999999996,600.0000000000006,-937.9999999999944,-1049.9999999999973,-710.999999999995,757.0000000000076,822.0000000000005,-446.9999999999974,-1796.0000000000207,583.9999999999845,1129.0000000000023,-2066.0000000000027,-52.99999999999194,485.0000000000021,770.000000000004,1263.0000000000052,1380.0000000000095,1372.0,280.9999999999979,366.9999999999951,-69.9999999999923,,-471.99999999998056
2020.05.28,-680.9999999999983,-1656.9999999999973,1711.9999999999802,-117.999999999995,-2367.9999999999923,1314.9999999999995,-1346.9999999999982,603.9999999999824,-1009.9999999999998,-1052.9999999999973,-730.9999999999927,792.9999999999993,834.0000000000014,-456.9999999999963,-1877.0000000000095,555.9999999999787,1065.0000000000048,-2137.0000000000005,-76.99999999999375,439.99999999999596,617.0000000000009,1311.000000000007,1457.9999999999984,1393.0000000000007,280.9999999999979,309.0000000000037,-8.999999999992347,,-834.0000000000119
2020.05.28,-735.9999999999923,-1712.0000000000025,1818.999999999993,-118.99999999999977,-2437.9999999999845,1314.9999999999995,-1346.0000000000027,653.999999999999,-1012.0000000000128,-1117.999999999995,-725.9999999999933,767.0000000000066,783.0000000000003,-441.99999999999795,-1969.0000000000225,543.999999999989,1001.9999999999918,-2193.999999999988,-84.99999999997954,407.99999999998613,520.9999999999936,1332.9999999999984,1456.0000000000032,1403.9999999999964,234.00000000000088,278.9999999999959,-15.999999999993797,,-1394.000000000012
2020.05.28,-778.9999999999964,-1695.000000000002,1810.9999999999848,-121.99999999999989,-2421.0000000000064,1317.999999999997,-1344.0000000000007,619.9999999999983,-1008.0000000000089,-1153.9999999999964,-716.9999999999899,744.0000000000002,775.9999999999989,-504.9999999999999,-1944.0000000000168,595.9999999999966,1038.99999999999,-2256.0,-140.99999999999113,322.9999999999844,472.9999999999901,1376.0000000000048,1457.0000000000077,1408.9999999999918,241.99999999999778,300.0000000000003,-5.999999999994898,,-1608.0000000000612
2020.05.28,-698.9999999999941,-1641.999999999988,1805.9999999999966,-134.9999999999909,-2366.0000000000014,1271.9999999999955,-1324.000000000003,663.999999999998,-1070.9999999999998,-1093.999999999994,-730.9999999999927,743.0000000000048,792.0000000000039,-492.999999999999,-1904.0000000000248,514.9999999999987,973.0000000000016,-2214.999999999989,-187.99999999998818,275.9999999999874,462.9999999999912,1318.000000000012,1416.000000000011,1370.999999999995,256.99999999999613,297.9999999999983,-4.000000000004,,-1701.9999999999782
2020.05.28,-700.0000000000006,-1648.000000000005,1858.9999999999884,-155.9999999999917,-2279.999999999993,1233.9999999999907,-1299.0000000000057,663.999999999998,-1068.0000000000023,-1114.0000000000043,-673.9999999999968,701.0000000000072,758.0000000000031,-499.000000000005,-1938.0000000000166,434.9999999999854,882.9999999999893,-2268.9999999999914,-280.9999999999979,143.99999999998857,358.9999999999982,1315.0000000000118,1410.000000000011,1378.9999999999907,251.00000000000122,329.999999999997,-39.999999999995595,,-2244.0000000000446
2020.05.28,-751.9999999999972,-1714.9999999999998,1874.9999999999823,-143.00000000000068,-2289.999999999992,1224.9999999999984,-1363.9999999999986,644.0000000000001,-1035.0000000000082,-1147.0000000000055,-641.9999999999982,675.9999999999989,744.0000000000002,-512.0000000000014,-1958.0000000000268,375.9999999999986,729.9999999999862,-2271.000000000001,-265.99999999998846,78.99999999998464,350.9999999999902,1300.0000000000114,1372.0,1375.0,200.99999999999562,312.9999999999966,-147.99999999999258,,-2982.000000000068
2020.05.28,-772.9999999999903,-1726.0000000000052,1802.999999999999,-103.9999999999992,-2319.0000000000045,1081.999999999994,-1385.9999999999984,586.999999999982,-1038.0000000000057,-1126.0000000000048,-639.9999999999961,573.0000000000013,697.9999999999986,-517.9999999999962,-1966.0000000000082,420.9999999999825,590.0000000000016,-2263.999999999996,-341.99999999999784,-139.00000000000023,286.99999999999284,1222.0000000000084,1192.0000000000073,1262.999999999991,99.00000000000463,300.0000000000003,-170.00000000000347,,-4394.000000000044
2020.05.28,-690.9999999999972,-1533.0000000000066,1713.9999999999934,-100.99999999999909,-2195.999999999998,984.9999999999915,-1219.0000000000034,529.999999999986,-975.9999999999991,-1037.9999999999968,-640.9999999999916,499.000000000005,656.9999999999965,-522.0000000000002,-1755.0000000000239,456.9999999999963,478.0000000000006,-2110.99999999999,-251.00000000000122,-242.00000000000887,219.99999999999798,1174.0000000000066,1088.9999999999986,1203.9999999999936,-6.0000000000060005,239.99999999999577,-242.99999999999324,,-4278.000000000054
2020.05.28,-688.9999999999952,-1520.9999999999945,1750.9999999999914,-69.99999999999318,-2239.9999999999977,1040.999999999992,-1256.999999999997,552.9999999999812,-990.000000000002,-1004.0000000000049,-663.999999999998,558.000000000003,714.0000000000035,-527.9999999999951,-1699.0000000000123,596.9999999999809,605.9999999999955,-2086.999999999989,-185.99999999999727,-156.00000000000057,361.9999999999957,1243.9999999999998,1148.0000000000105,1250.9999999999905,4.999999999999449,258.0000000000027,-229.99999999999687,,-3233.0000000000296
2020.05.28,-698.9999999999941,-1506.9999999999916,1783.9999999999857,-84.99999999999375,-2329.9999999999877,1046.999999999998,-1246.9999999999982,532.9999999999835,-992.9999999999994,-1034.9999999999966,-708.999999999993,538.0000000000051,689.0000000000063,-556.0000000000009,-1713.0000000000223,617.9999999999852,530.9999999999926,-2122.9999999999905,-200.00000000000017,-232.00000000000998,329.00000000000153,1243.000000000009,1132.000000000005,1253.9999999999907,-68.00000000000139,153.99999999999858,-262.00000000000665,,-3907.000000000024
2020.05.29,-745.9999999999911,-1480.999999999999,1715.9999999999843,-102.99999999999443,-2313.9999999999936,1031.9999999999995,-1202.000000000003,469.99999999999267,-983.0000000000006,-1152.000000000001,-673.9999999999968,485.99999999999756,626.9999999999998,-512.0000000000014,-1718.0000000000177,654.9999999999834,546.9999999999864,-2103.999999999999,-159.99999999998238,-265.0000000000041,337.99999999999386,1225.0000000000086,1106.9999999999993,1202.9999999999886,-92.00000000000318,127.99999999999478,-324.9999999999975,,-4297.000000000056
2020.05.29,-744.0000000000002,-1516.0000000000061,1780.9999999999882,-67.99999999999784,-2212.999999999998,820.999999999994,-1222.9999999999964,480.99999999999807,-980.0000000000031,-1055.9999999999973,-619.9999999999983,258.9999999999981,473.99999999999665,-521.0000000000048,-1711.0000000000127,553.9999999999878,-116.00000000000499,-2120.999999999995,-243.99999999999977,-893.0000000000105,-263.00000000001324,1213.9999999999986,897.0000000000056,1031.9999999999964,-307.99999999999716,-200.00000000000017,-419.9999999999982,,-7704.00000000007
2020.05.29,-718.9999999999918,-1527.9999999999961,1801.9999999999925,-152.9999999999916,-2222.9999999999973,901.9999999999917,-1126.0000000000048,519.9999999999872,-991.0000000000085,-1096.0000000000036,-627.9999999999952,336.00000000000296,500.00000000000045,-521.0000000000048,-1809.000000000026,544.9999999999955,137.9999999999937,-2192.9999999999977,-208.99999999999253,-589.0000000000173,-95.00000000000064,1246.0000000000093,987.000000000009,1107.99999999999,-209.9999999999991,34.99999999999615,-297.9999999999983,,-6269.000000000058
2020.05.29,-680.9999999999983,-1529.0000000000025,1779.9999999999816,-138.9999999999958,-2202.9999999999995,929.9999999999975,-1151.000000000002,593.9999999999834,-1019.9999999999986,-1090.999999999994,-637.9999999999941,418.0000000000073,599.0000000000051,-514.0000000000033,-1807.0000000000164,539.0000000000006,197.99999999998707,-2200.9999999999936,-215.99999999999397,-526.0000000000042,-39.00000000001125,1270.0000000000102,1076.9999999999982,1187.9999999999882,-156.00000000000057,97.9999999999981,-261.0000000000001,,-5481.00000000005
2020.05.29,-655.9999999999899,-1505.0000000000007,1774.9999999999932,-158.00000000000125,-2178.9999999999977,966.9999999999957,-1148.0000000000045,593.9999999999834,-1001.0000000000074,-1078.000000000003,-643.999999999989,478.0000000000006,617.0000000000009,-509.9999999999993,-1805.0000000000068,568.9999999999973,343.00000000000443,-2165.999999999997,-198.99999999999363,-381.0000000000091,1.0000000000065512,1281.000000000006,1112.9999999999995,1181.999999999988,-82.99999999999974,117.99999999999588,-218.00000000000708,,-4693.000000000035
2020.05.29,-671.9999999999948,-1502.0000000000034,1770.9999999999893,-146.0000000000008,-2174.9999999999936,970.9999999999997,-1107.999999999998,578.9999999999961,-1015.9999999999947,-1055.9999999999973,-641.9999999999982,478.0000000000006,605.0,-546.000000000002,-1774.000000000001,580.999999999987,333.9999999999899,-2155.999999999992,-231.99999999998778,-371.00000000001023,-60.99999999999994,1260.000000000005,1117.0000000000045,1149.000000000001,-75.00000000000284,109.99999999999899,-147.99999999999258,,-4724.999999999996
2020.05.29,-690.9999999999972,-1526.0000000000052,1744.9999999999966,-112.99999999999955,-2210.000000000001,919.9999999999986,-1175.9999999999993,537.9999999999941,-1007.0000000000024,-1055.9999999999973,-627.9999999999952,451.0000000000014,573.0000000000013,-565.0000000000044,-1764.00000000001,563.9999999999867,347.9999999999928,-2153.9999999999964,-251.00000000000122,-445.0000000000065,-151.9999999999966,1209.0000000000032,1038.000000000011,1095.9999999999895,-95.00000000000064,75.9999999999983,-140.99999999999113,,-5416.000000000032
2020.05.29,-698.9999999999941,-1533.999999999991,1790.999999999987,-91.99999999999875,-2204.9999999999905,957.9999999999922,-1127.0000000000002,554.9999999999944,-1000.0000000000009,-1052.0000000000068,-622.9999999999958,450.00000000000597,526.9999999999997,-534.0000000000011,-1756.0000000000002,417.99999999998505,316.0000000000052,-2146.9999999999914,-342.9999999999822,-424.00000000000216,-231.0000000000034,1059.0000000000118,953.000000000003,964.9999999999892,-17.999999999995797,88.99999999999464,-49.99999999999449,,-5753.999999999979
2020.05.29,-730.9999999999927,-1537.999999999995,1786.999999999983,46.999999999997044,-2088.9999999999854,914.9999999999991,-1083.0000000000007,503.99999999999335,-961.0000000000118,-945.999999999998,-539.999999999996,391.000000000008,512.9999999999968,-546.9999999999975,-1584.0000000000032,380.9999999999869,214.99999999998744,-1993.9999999999998,-402.9999999999978,-534.0000000000123,-214.00000000000307,1013.0000000000052,890.0000000000006,949.9999999999886,-50.0000000000056,104.00000000000409,-124.99999999999733,,-5629.000000000048
2020.05.29,-780.9999999999984,-1574.0000000000086,1816.9999999999798,72.00000000000273,-2173.9999999999873,998.9999999999943,-1153.000000000004,492.9999999999879,-991.0000000000085,-936.000000000007,-553.999999999999,441.99999999999795,539.999999999996,-568.0000000000018,-1531.000000000006,415.99999999999415,370.00000000000364,-1991.9999999999902,-368.9999999999971,-385.00000000001313,-119.00000000000244,1062.0000000000118,993.9999999999998,1016.9999999999959,9.00000000000345,154.99999999999403,-99.99999999998899,,-4841.00000000005
2020.05.29,-777.9999999999898,-1571.9999999999957,1867.999999999981,132.000000000005,-2202.9999999999995,989.9999999999909,-1163.000000000003,495.99999999998533,-985.0000000000136,-909.9999999999966,-565.9999999999999,441.99999999999795,517.9999999999962,-578.9999999999961,-1515.0000000000148,492.9999999999879,374.999999999992,-1991.9999999999902,-360.9999999999891,-463.0000000000134,-270.99999999999903,1052.0000000000068,940.0000000000119,952.9999999999887,-21.00000000000435,82.99999999999974,-70.99999999999883,,-5108.000000000059
2020.05.29,-764.9999999999934,-1553.9999999999886,1871.9999999999848,115.99999999999966,-2205.999999999997,1053.9999999999993,-1148.0000000000045,499.9999999999893,-987.0000000000045,-902.000000000001,-581.9999999999936,492.999999999999,551.9999999999969,-580.0000000000027,-1500.0,535.9999999999809,543.999999999989,-1974.9999999999943,-337.99999999999386,-331.999999999999,-181.9999999999933,1102.0000000000039,1034.000000000006,1021.0000000000008,14.999999999998348,104.99999999999955,-55.000000000005045,,-4162.0000000000255
2020.05.29,-766.0,-1584.0000000000077,1884.9999999999811,147.00000000000557,-2201.9999999999927,1059.9999999999943,-1149.9999999999955,495.000000000001,-1002.000000000014,-890.0000000000006,-570.9999999999993,495.000000000001,565.9999999999999,-578.0000000000007,-1515.0000000000148,496.99999999999187,492.9999999999879,-1980.9999999999945,-339.0000000000004,-328.00000000001717,-136.00000000000279,1075.0000000000027,1007.000000000005,1015.0000000000006,29.000000000001247,134.0000000000008,-55.99999999998939,,-4200.0000000000555
2020.05.29,-775.9999999999989,-1591.000000000009,1890.9999999999982,147.00000000000557,-2181.999999999995,1093.999999999995,-1170.9999999999998,530.9999999999926,-998.00000000001,-900.9999999999962,-558.9999999999984,526.0000000000042,592.9999999999991,-570.9999999999993,-1524.000000000001,458.9999999999872,557.0000000000075,-1986.9999999999948,-395.99999999999636,-238.0000000000049,-45.000000000006146,1084.0000000000032,1065.0000000000118,1068.9999999999884,80.99999999999774,190.00000000000128,-42.999999999993044,,-3695.0000000000123
2020.05.29,-794.9999999999901,-1639.999999999997,1942.9999999999836,165.00000000000625,-2207.000000000003,1128.9999999999911,-1197.0000000000036,534.9999999999966,-1027.0000000000002,-888.9999999999958,-565.9999999999999,541.0000000000026,602.0000000000025,-585.9999999999976,-1509.0000000000146,420.9999999999825,587.0000000000042,-2009.999999999991,-417.99999999998505,-263.99999999999756,-95.00000000000064,1021.0000000000008,1037.0000000000061,1024.9999999999914,107.00000000000153,195.9999999999962,-45.99999999999049,,-3940.0
2020.05.29,-839.9999999999964,-1729.0000000000027,1979.9999999999818,262.00000000000045,-2268.000000000003,1124.9999999999982,-1197.0000000000036,553.9999999999878,-1032.0000000000107,-807.0000000000022,-563.9999999999978,529.0000000000017,568.0000000000018,-580.9999999999982,-1444.0000000000168,391.9999999999924,533.99999999999,-1918.9999999999968,-431.99999999998795,-306.00000000000625,-204.00000000000418,936.000000000007,963.9999999999986,936.9999999999976,104.99999999999955,158.0000000000026,-31.000000000003247,,-4310.000000000072
2020.05.29,-827.0,-1744.9999999999966,1969.999999999983,329.9999999999983,-2282.9999999999905,1161.9999999999964,-1207.0000000000025,617.9999999999852,-1048.0000000000045,-721.0000000000036,-588.9999999999951,568.0000000000018,602.999999999998,-544.0,-1418.0000000000064,365.99999999999966,530.9999999999926,-1851.9999999999895,-398.9999999999938,-231.0000000000034,-109.00000000000354,910.0000000000108,948.9999999999981,902.000000000001,124.99999999999733,175.00000000000293,-28.000000000005798,,-3792.0000000000296
2020.05.29,-849.9999999999952,-1863.999999999999,1982.9999999999793,347.0000000000084,-2370.0000000000055,1191.9999999999932,-1290.9999999999977,665.9999999999889,-1107.999999999998,-713.9999999999986,-610.9999999999949,607.0000000000019,639.9999999999961,-561.0000000000003,-1493.0000000000234,325.99999999998187,624.0000000000023,-1909.9999999999966,-443.99999999999994,-126.0000000000039,-56.99999999999594,947.0000000000027,1017.0000000000101,981.9999999999993,176.99999999999383,215.99999999999397,-1.0000000000065512,,-3676.000000000065
2020.05.29,-841.9999999999983,-1814.0000000000045,2015.9999999999957,353.9999999999992,-2317.9999999999977,1191.9999999999932,-1278.0000000000014,613.9999999999812,-1151.9999999999975,-677.0000000000067,-627.9999999999952,621.0000000000049,641.9999999999982,-587.0000000000042,-1414.0000000000157,298.9999999999826,651.0000000000016,-1873.9999999999952,-516.9999999999897,-175.99999999999838,-104.00000000001519,914.0000000000015,1002.0000000000095,958.999999999989,197.00000000000273,229.99999999999687,22.999999999995246,,-3667.000000000067
2020.05.29,-791.9999999999927,-1774.9999999999932,1941.9999999999993,314.00000000000716,-2288.0000000000014,1159.9999999999943,-1248.0000000000045,635.9999999999922,-1147.000000000009,-686.000000000007,-624.9999999999977,626.9999999999998,636.9999999999986,-565.9999999999999,-1461.0000000000127,339.99999999998477,629.9999999999973,-1890.9999999999911,-452.99999999999227,-195.00000000001182,-109.00000000000354,942.0000000000073,995.0000000000045,956.9999999999936,176.99999999999383,214.99999999999852,28.000000000005798,,-3636.000000000041
2020.05.29,-864.9999999999935,-1815.9999999999955,2014.999999999989,352.00000000000387,-2343.0000000000064,1242.999999999994,-1299.0000000000057,432.9999999999945,-1131.9999999999998,-778.9999999999964,-620.9999999999937,643.0000000000047,655.0000000000056,-763.0000000000026,-1402.0000000000152,337.99999999999386,754.9999999999945,-2015.9999999999911,-578.9999999999961,-181.00000000000892,-110.00000000001009,932.0000000000022,1063.0000000000023,1010.9999999999957,237.99999999999378,251.99999999999667,42.0000000000087,,-3934.000000000038
2020.05.29,-825.9999999999934,-1593.0,1940.9999999999927,329.9999999999983,-2254.999999999985,1189.9999999999911,-1266.0000000000005,307.99999999999716,-1137.0000000000102,-748.9999999999952,-594.99999999999,618.0000000000074,609.9999999999994,-780.000000000003,-1252.0000000000095,514.9999999999987,919.0000000000032,-1950.9999999999934,-545.9999999999799,-194.0000000000053,-194.0000000000053,923.0000000000018,1031.000000000006,971.9999999999942,239.0000000000003,232.99999999999432,51.000000000001044,,-3457.9999999999864
2020.05.29,-869.999999999993,-1530.000000000009,2004.9999999999902,277.000000000001,-2227.0000000000014,1182.9999999999895,-1227.9999999999957,318.9999999999804,-1141.9999999999986,-775.9999999999962,-590.999999999997,580.9999999999982,584.0000000000067,-838.0000000000055,-1200.000000000017,533.99999999999,994.000000000006,-1974.9999999999943,-627.9999999999841,-206.00000000001728,-211.00000000000563,911.0000000000014,1041.000000000011,962.9999999999939,214.00000000000307,200.00000000000017,66.00000000001049,,-3550.0000000000346
2020.05.29,-929.9999999999975,-1357.9999999999925,2052.9999999999936,243.0000000000092,-2248.0000000000055,1151.9999999999975,-1217.0000000000014,32.999999999994145,-1164.0000000000095,-909.000000000006,-588.9999999999951,504.00000000000443,494.00000000000557,-1053.9999999999993,-1151.0000000000105,836.9999999999989,1160.9999999999898,-2132.9999999999955,-748.9999999999997,-544.9999999999955,-591.0000000000082,975.0000000000085,1035.000000000011,939.9999999999977,163.00000000000205,151.00000000000114,70.99999999999883,,-4826.000000000004
2020.05.29,-1002.9999999999983,-1448.0000000000048,2171.9999999999964,311.9999999999976,-2327.999999999997,1166.0000000000005,-1246.0000000000027,28.999999999990145,-1227.0000000000002,-965.999999999994,-478.9999999999961,504.9999999999999,483.0000000000001,-1097.999999999999,-1157.0000000000107,772.9999999999793,1129.0000000000023,-2287.999999999997,-928.9999999999799,-670.000000000015,-689.0000000000063,978.9999999999992,1027.000000000001,944.9999999999932,160.00000000000458,146.00000000000168,22.0000000000109,,-5680.000000000023
2020.05.29,-998.9999999999943,-1395.9999999999973,2303.999999999995,305.9999999999974,-2390.000000000003,1205.999999999996,-1285.0000000000027,-77.00000000001594,-1215.9999999999948,-989.9999999999949,-529.9999999999972,491.0000000000081,538.0000000000051,-1160.0000000000055,-1084.0000000000032,891.9999999999817,1239.9999999999966,-2272.9999999999964,-836.9999999999989,-633.0000000000168,-502.00000000000244,1021.0000000000008,1054.000000000002,1039.999999999992,161.00000000000003,229.99999999999687,-15.999999999993797,,-4905.0000000000455
2020.05.29,-996.9999999999924,-1485.9999999999873,2350.999999999992,359.00000000000887,-2529.9999999999877,1288.9999999999957,-1375.9999999999995,30.999999999981043,-1232.9999999999952,-906.0000000000059,-592.9999999999991,587.0000000000042,622.9999999999958,-1127.9999999999957,-1118.9999999999998,966.0000000000002,1331.9999999999998,-2244.9999999999905,-722.0000000000005,-463.0000000000134,-340.00000000000693,1069.0000000000027,1123.0000000000045,1093.999999999994,158.0000000000026,219.00000000000253,-52.99999999999194,,-3989.9999999999827
2020.05.29,-991.9999999999928,-1672.0000000000068,2307.999999999999,331.00000000000307,-2509.99999999999,1242.999999999994,-1383.000000000001,211.99999999998997,-1238.0000000000057,-929.000000000002,-590.999999999997,567.0000000000064,624.0000000000023,-1022.9999999999961,-1368.9999999999998,685.9999999999866,893.9999999999948,-2287.999999999997,-714.999999999999,-546.000000000002,-390.0000000000015,1085.9999999999986,1091.0000000000082,1083.999999999989,104.99999999999955,195.00000000000074,-52.99999999999194,,-5273.000000000013
2020.05.29,-968.9999999999976,-1688.0000000000007,2340.999999999993,307.00000000000216,-2574.999999999994,1249.9999999999955,-1390.9999999999977,278.9999999999848,-1358.0000000000148,-945.999999999998,-660.9999999999894,570.9999999999993,636.0000000000032,-975.0000000000036,-1417.0000000000016,758.9999999999985,892.9999999999883,-2347.999999999999,-705.0000000000001,-608.0000000000085,-418.0000000000073,1121.0000000000093,1115.000000000009,1106.9999999999993,78.00000000000028,183.99999999999528,-89.00000000000574,,-5507.000000000042
2020.05.29,-914.9999999999991,-1944.9999999999968,2373.9999999999873,340.0000000000034,-2577.9999999999914,1290.9999999999977,-1395.0000000000018,468.9999999999861,-1394.0000000000064,-846.9999999999942,-715.9999999999944,633.0000000000058,717.9999999999964,-890.9999999999974,-1592.000000000013,431.99999999998795,700.999999999996,-2298.9999999999923,-697.9999999999986,-529.0000000000017,-255.00000000000523,1117.0000000000045,1144.0000000000055,1147.9999999999961,121.00000000000443,241.99999999999778,-90.99999999999665,,-5415.000000000018
2020.05.29,-889.9999999999908,-1981.9999999999948,2376.9999999999845,403.0000000000058,-2756.9999999999873,1363.9999999999986,-1502.9999999999989,718.9999999999808,-1446.0000000000139,-736.9999999999948,-782.9999999999893,719.9999999999984,706.0000000000066,-788.9999999999952,-1588.0000000000223,453.99999999999886,753.9999999999881,-2247.0,-637.9999999999831,-351.0000000000124,-262.00000000000665,1072.0000000000027,1170.0000000000018,1131.0000000000002,148.99999999999915,132.99999999999423,-76.0000000000094,,-4897.000000000038
2020.05.29,-866.9999999999956,-1876.9999999999955,2338.99999999998,344.99999999999886,-2602.9999999999995,1245.9999999999916,-1351.0000000000023,663.999999999998,-1438.000000000006,-740.9999999999997,-728.9999999999908,646.0000000000022,660.000000000005,-800.9999999999961,-1555.0000000000068,356.00000000000074,656.9999999999965,-2295.000000000002,-777.9999999999898,-588.0000000000107,-541.9999999999981,1032.0000000000107,1058.0000000000068,1012.999999999991,148.0000000000037,136.99999999999824,-86.0000000000083,,-5950.000000000017
2020.05.29,-779.9999999999918,-1827.000000000001,2058.9999999999886,179.00000000000205,-2475.000000000005,1074.9999999999927,-1249.9999999999955,712.0000000000015,-1385.9999999999984,-802.0000000000067,-705.9999999999956,548.0000000000041,585.0000000000022,-717.9999999999964,-1599.000000000018,268.9999999999859,314.99999999999864,-2227.9999999999945,-734.9999999999968,-686.0000000000089,-587.0000000000042,1055.0000000000068,1021.0000000000008,982.9999999999899,80.99999999999774,127.99999999999478,1.0000000000065512,,-6768.000000000041
2020.05.29,-835.9999999999923,-1892.0000000000048,2126.99999999999,-42.00000000000159,-2214.999999999989,1014.9999999999992,-1149.0,678.9999999999852,-1336.0000000000039,-1061.000000000007,-605.0,475.0000000000032,538.0000000000051,-716.0000000000056,-1983.000000000004,71.99999999998319,45.000000000006146,-2510.9999999999955,-906.9999999999911,-907.0000000000133,-763.0000000000026,1039.0000000000014,972.999999999999,977.9999999999944,-2.999999999997449,124.00000000000189,-102.00000000000209,,-8963.00000000004
2020.05.29,-905.0000000000002,-2221.9999999999905,2153.999999999989,-82.99999999999841,-2410.9999999999854,1030.999999999993,-1295.999999999997,752.9999999999815,-1322.000000000001,-1207.9999999999984,-589.9999999999906,473.0000000000012,550.000000000006,-641.0000000000027,-2362.000000000023,-120.00000000000898,9.999999999998899,-2566.0000000000027,-810.999999999984,-815.0000000000101,-636.0000000000143,1195.0000000000073,1109.9999999999995,1106.9999999999993,12.999999999996348,131.99999999999878,-82.00000000000429,,-9542.00000000004
2020.05.29,-1066.0000000000002,-2164.9999999999945,2197.9999999999886,-201.99999999999818,-2259.9999999999955,1005.0000000000003,-1216.000000000006,541.9999999999981,-1253.0000000000152,-1585.9999999999986,-527.9999999999951,285.9999999999974,309.99999999999915,-616.0000000000055,-2549.0000000000064,-897.0000000000144,-398.00000000000944,-2777.999999999992,-1474.9999999999818,-994.000000000006,-1011.0000000000064,990.9999999999997,1166.000000000011,1097.999999999999,19.00000000000235,151.00000000000114,-69.9999999999923,,-13298.000000000018
2020.05.29,-1053.9999999999993,-1967.999999999992,1986.9999999999832,-256.9999999999908,-1923.9999999999923,883.9999999999959,-1051.0000000000018,278.9999999999848,-1154.999999999995,-1536.0000000000014,-303.9999999999932,263.99999999999756,294.00000000000534,-802.0000000000027,-2241.0000000000136,-626.9999999999998,-110.00000000001009,-2733.9999999999945,-1396.9999999999816,-995.0000000000125,-1028.0000000000066,1015.0000000000006,1097.999999999999,995.9999999999951,139.00000000000023,136.99999999999824,41.000000000002146,,-12049.000000000027
2020.05.29,-977.99999999999,-1727.9999999999961,2099.999999999991,-251.00000000000477,-1892.999999999989,1059.9999999999943,-1039.9999999999966,285.99999999998624,-1158.0000000000146,-1468.0000000000036,-294.9999999999897,387.99999999999943,338.00000000000495,-805.0000000000001,-2069.000000000017,-121.00000000001555,316.0000000000052,-2753.999999999991,-1244.999999999985,-863.0000000000138,-1093.0000000000107,1132.000000000005,1246.0000000000093,1106.9999999999993,265.0000000000041,168.99999999999693,137.00000000000932,,-9217.000000000016
2020.05.29,-927.9999999999955,-1513.9999999999932,1980.9999999999884,-281.9999999999965,-1836.9999999999998,970.9999999999997,-985.999999999998,22.999999999995246,-1045.000000000007,-1492.999999999995,-288.9999999999948,319.99999999999807,241.00000000000233,-888.9999999999953,-1885.0000000000193,141.99999999999767,655.9999999999899,-2625.0,-1088.0,-716.0000000000056,-1000.0000000000009,1075.0000000000027,1181.0000000000116,1000.0,251.00000000000122,126.0000000000039,217.0000000000005,,-8393.00000000001
2020.05.29,-927.0,-1456.9999999999973,1939.9999999999861,-292.0000000000016,-1936.0000000000043,928.9999999999909,-1017.0000000000013,125.99999999998168,-966.0000000000002,-1489.0000000000043,-318.99999999999153,277.000000000005,187.9999999999993,-834.9999999999968,-1875.0,124.99999999999733,514.9999999999987,-2560.9999999999927,-1061.9999999999852,-763.0000000000026,-1100.000000000012,1068.000000000012,1140.0000000000005,949.9999999999886,121.99999999999989,48.99999999999905,221.00000000000452,,-8949.00000000003
2020.05.29,-971.9999999999951,-1462.999999999992,1868.9999999999873,-331.99999999999363,-1866.9999999999964,1041.9999999999984,-988.9999999999955,91.99999999998099,-927.9999999999955,-1570.0000000000073,-307.99999999999716,377.0000000000051,282.0000000000045,-751.0000000000017,-1882.000000000005,172.99999999997874,679.9999999999917,-2530.999999999992,-887.9999999999999,-438.00000000000506,-758.0000000000142,1148.0000000000105,1289.0000000000014,1087.9999999999939,248.99999999999923,90.0000000000012,246.99999999999721,,-7051.000000000042
2020.05.29,-913.9999999999926,-1445.9999999999918,1854.0,-325.00000000000284,-1838.0000000000064,1005.0000000000003,-941.000000000003,121.99999999999989,-862.0000000000072,-1528.9999999999964,-287.9999999999994,368.00000000000165,277.000000000005,-741.0000000000027,-1926.0000000000161,190.99999999998562,648.0000000000041,-2500.9999999999905,-817.9999999999854,-429.99999999999704,-737.9999999999942,1168.0000000000064,1265.0000000000005,1065.9999999999882,246.99999999999721,98.99999999999353,243.99999999999977,,-6743.000000000003
2020.05.29,-966.0000000000002,-1571.9999999999957,1921.9999999999793,-331.99999999999363,-2058.9999999999886,1042.9999999999939,-1114.9999999999993,149.9999999999835,-910.0000000000108,-1587.9999999999939,-380.999999999998,391.000000000008,295.0000000000008,-714.999999999999,-2063.0000000000164,235.99999999999176,692.9999999999881,-2608.9999999999945,-809.9999999999997,-400.00000000000034,-687.9999999999998,1213.0000000000082,1311.000000000007,1120.999999999995,253.99999999999866,85.99999999999719,174.00000000000747,,-7319.000000000031
2020.05.29,-934.9999999999969,-1605.9999999999964,1886.9999999999943,-296.99999999999704,-2127.9999999999964,1028.9999999999911,-1122.0000000000007,231.99999999998778,-948.0000000000155,-1540.9999999999968,-437.999999999994,412.00000000000125,280.9999999999979,-695.9999999999966,-2067.0000000000073,226.99999999999943,696.999999999992,-2551.9999999999927,-789.9999999999797,-397.0000000000029,-792.9999999999993,1135.000000000005,1246.0000000000093,1007.9999999999956,241.99999999999778,48.000000000003595,251.00000000000122,,-7614.999999999996
2020.05.29,-962.9999999999916,-1636.9999999999995,1905.9999999999854,-257.99999999999557,-2265.000000000006,1277.9999999999902,-1199.0000000000057,270.99999999999903,-971.0000000000107,-1495.0000000000045,-495.9999999999964,619.0000000000028,448.9999999999994,-709.0000000000041,-2030.0000000000011,394.9999999999898,1163.9999999999873,-2576.999999999998,-623.9999999999801,89.99999999999008,-418.0000000000073,1332.9999999999984,1523.0000000000105,1239.999999999995,366.9999999999951,131.00000000000333,344.99999999999534,,-4531.000000000056
2020.05.29,-917.9999999999966,-1795.9999999999975,1926.9999999999898,-284.9999999999966,-2235.9999999999936,1271.0,-1182.0000000000052,310.9999999999946,-958.0000000000144,-1495.999999999995,-492.999999999999,617.0000000000009,445.0000000000065,-644.0000000000001,-2280.000000000001,255.99999999998957,878.000000000001,-2586.999999999989,-512.0000000000014,109.00000000000354,-329.00000000000153,1321.0000000000123,1507.000000000005,1216.9999999999986,353.0000000000033,122.99999999999534,265.0000000000041,,-5115.999999999985
2020.05.29,-937.9999999999944,-1859.999999999995,2026.9999999999789,-320.99999999999795,-2292.000000000005,1317.999999999997,-1236.0000000000039,530.9999999999926,-975.0000000000148,-1549.0000000000066,-499.9999999999893,631.9999999999992,507.9999999999973,-514.9999999999987,-2369.0,86.99999999999264,777.0000000000055,-2634.999999999991,-545.9999999999799,115.99999999998278,-207.00000000000162,1408.0000000000014,1582.9999999999984,1358.9999999999945,344.99999999999534,170.00000000000347,201.99999999999108,,-4880.000000000046
2020.05.29,-970.9999999999997,-1878.0000000000018,2028.9999999999918,-335.9999999999985,-2298.0,1323.9999999999918,-1194.0000000000061,470.9999999999992,-970.0000000000042,-1584.9999999999936,-485.99999999999756,640.0000000000073,484.00000000000665,-573.0000000000013,-2389.00000000001,151.9999999999966,781.9999999999939,-2667.9999999999923,-530.9999999999926,83.9999999999952,-238.0000000000049,1416.000000000011,1587.0000000000032,1341.9999999999986,329.999999999997,146.99999999999713,248.00000000000378,,-5081.000000000011
